-0.022488943164 0.0822217305488 -6.72826552604 -0.022488943164 0.0822217305488 -6.72826552604
-0.0417339966545 -0.163538479999 -1.39536227991 0.0222784330118 0.335866517319 -1.50849900056
-1.99556113433 1.53871018076 -1.62492606454 -1.99556113433 1.53871018076 -1.62492606454
-0.188827622338 -0.138707222593 0.989069182637 -0.247033862987 -0.262938184303 1.04125264214
1.47435684967 1.26729060721 -1.19738064797 1.21971901064 1.00447727661 -0.786747918941
0.204673173124 -0.304894916941 0.35198646331 0.0913061733781 -0.536006542207 0.210538094561
0.948133736319 -0.817444350644 4.96464912566 0.948133736319 -0.817444350644 4.96464912566
0.392792967096 0.0983868660263 -0.332593076246 0.276476364738 0.118919680088 -0.0055210366012
-0.82080753521 0.649252044721 1.30827041731 -0.82080753521 0.649252044721 1.30827041731
-0.698802892812 -0.269106183081 4.03703339725 -0.731555475684 -0.292541041838 3.85278839935
0.234675050352 -0.162183376564 0.738426157007 0.333551931045 -0.31087655029 0.635619896329
0.335286471568 0.237750137431 -0.231897192225 0.411656332496 0.272011850265 -0.225043019397
-0.527018273934 0.252320739108 -0.37714786257 -0.297255055937 0.0881941609181 -0.220704850442
-0.173899758064 0.214070985865 -0.567511601183 0.0315264866621 0.228044444238 -0.660149714602
0.428329936597 0.431838048005 -0.013541067101 0.389610280571 0.145726239658 0.113642914847
0.180198473056 0.217309918373 0.94704171394 0.180198473056 0.217309918373 0.94704171394
0.282082305086 0.0975957617586 -0.328682838061 0.213425559168 -0.143040549114 -0.392728620373
0.0287563238694 0.0700479871273 -0.224491178233 0.0228211874912 -0.00148683576715 -0.124949417417
-1.3187766184 -0.0875436336797 7.02074516022 -1.3187766184 -0.0875436336797 7.02074516022
-0.593186032175 0.995506903311 1.13205885527 -0.593186032175 0.995506903311 1.13205885527
0.399769653854 1.53143833828 4.4669969127 0.399769653854 1.53143833828 4.4669969127
-0.522541245084 -0.65783624416 0.341482481884 -0.522541245084 -0.65783624416 0.341482481884
-0.632358094003 -0.172517779228 2.18533003562 -0.151721533588 -0.292815648769 1.84456390479
-0.5530433446 -0.818176977832 -3.0425854136 -0.5530433446 -0.818176977832 -3.0425854136
-0.294942897826 -0.287041724889 0.744407300053 -0.517835303814 -0.351988296343 0.706856551341
0.00838687271019 -0.115147642618 6.33369427889 0.00838687271019 -0.115147642618 6.33369427889
0.747803926077 -0.117547560886 0.176858298137 0.741384454526 0.135335864231 0.289812517947
0.700427864751 1.77576887941 0.4587134793 0.700427864751 1.77576887941 0.4587134793
-0.460076216209 -0.263841255868 0.922606038787 -0.442748312823 0.0413998917983 0.947534955168
-0.050002230045 0.203328258733 1.90131550443 -0.427872804903 0.147373095865 1.81783744829
-1.33537119686 -1.86923825323 0.976389567663 -1.33537119686 -1.86923825323 0.976389567663
0.281763772895 -1.60038810681 2.3433815583 0.281763772895 -1.60038810681 2.3433815583
-0.151721533588 -0.292815648769 1.84456390479 -0.28242358911 -0.473521836585 1.92616970571
-1.62068032945 -0.324734510529 -5.06182943845 -1.62068032945 -0.324734510529 -5.06182943845
0.333551931045 -0.31087655029 0.635619896329 0.0366349042137 -0.137129926142 0.610801807909
-0.0243075976634 -0.00651697978897 0.602439593247 0.397778679727 0.141170551525 0.619949531411
0.0822800506684 -2.03297979716 2.54284177395 0.0822800506684 -2.03297979716 2.54284177395
-0.832879876287 1.18198307032 0.689796591335 -0.832879876287 1.18198307032 0.689796591335
-0.595561818853 0.145779850188 0.545372494633 -0.645102341597 0.177269062602 0.610734240177
1.18281428611 1.78694248609 -0.243906426856 1.18281428611 1.78694248609 -0.243906426856
-0.464815847344 -0.289042948151 1.23776919507 -0.464815847344 -0.289042948151 1.23776919507
0.258110535034 0.060566999203 -0.773568242632 0.208848582129 0.105379494769 -0.77472928733
0.94425348237 -0.0481287748849 -3.38926971941 0.97152754567 -0.187428873058 -3.54168071904
-0.555628108942 0.252811098608 -1.19627925168 -0.501082541794 0.27687983563 -1.36813542349
0.290813634532 -0.392778139297 -0.0542475411814 0.114457987927 -0.138807948736 -0.114203118381
0.274457476986 -1.89945294649 1.3722981657 0.274457476986 -1.89945294649 1.3722981657
-0.0304297580421 -0.115034656259 -1.10682652989 -0.0636705540129 -0.422953947452 -0.708620878198
0.718098659246 1.07997180008 -3.21664303113 0.718098659246 1.07997180008 -3.21664303113
0.361164518967 -0.167687842325 -3.65020178541 0.361164518967 -0.167687842325 -3.65020178541
-1.11437807429 -2.35168601486 -4.41101695797 -1.11437807429 -2.35168601486 -4.41101695797
-0.145135916341 -0.711045369085 0.0726772354297 0.117339177133 -0.360898926898 0.0588511325108
-1.15543074225 -0.734641373455 -6.92687072021 -1.0709781692 -0.478708837748 -7.01026616056
-0.485504594773 -0.196942632996 -0.00790960074119 -0.131687331621 -0.0565595721942 -0.0152805922945
0.395214412121 -1.92961866982 -8.96340404919 0.395214412121 -1.92961866982 -8.96340404919
1.18717822953 0.212054945621 2.68127498955 1.18717822953 0.212054945621 2.68127498955
1.02458434097 0.761447479819 3.70141295943 1.02458434097 0.761447479819 3.70141295943
-1.41017394756 -0.666794947381 -0.993442780524 -1.33196610656 -0.721739354311 -0.949841934621
0.413417157108 0.222705836878 -0.187434741449 0.231028165721 0.118121835463 0.296728144783
0.662489265926 -0.216113299502 -0.17424610233 0.660582875045 0.0117665911091 -0.268453891606
0.619241321167 -0.18922809251 5.30500843783 0.619241321167 -0.18922809251 5.30500843783
-0.233881643673 0.998788214329 5.8238551354 -0.233881643673 0.998788214329 5.8238551354
-0.409181959382 -0.452134952618 -3.32355025076 -0.409181959382 -0.452134952618 -3.32355025076
1.84330732346 0.567191745723 3.79036393645 1.84330732346 0.567191745723 3.79036393645
-0.298193673609 0.541104259581 0.0154994886653 -0.464891615052 0.998138961673 -0.306836168666
-1.08601279869 0.332578742573 -1.28814998193 -1.08601279869 0.332578742573 -1.28814998193
-1.98597898835 -0.211380302997 -3.90076844056 -1.98597898835 -0.211380302997 -3.90076844056
1.00880530657 -1.40638233178 3.5307364706 1.00880530657 -1.40638233178 3.5307364706
-0.773631213218 0.26452288153 2.24332356776 -0.773631213218 0.26452288153 2.24332356776
-0.202705724869 0.247332356198 -0.338755548638 -0.114881604159 -0.048245976399 -0.366424709925
-1.44739262304 -0.266468164172 2.66561143461 -1.44739262304 -0.266468164172 2.66561143461
0.118761021541 -0.327642770522 0.524079097116 -0.00391008612101 -0.298390913399 0.119452211343
-0.325222708747 -0.6681354781 -3.0634518418 -0.325222708747 -0.6681354781 -3.0634518418
1.08349013236 0.645907311113 -7.08440261009 1.08349013236 0.645907311113 -7.08440261009
0.0580759552342 -1.31377344937 -0.407558882371 0.0580759552342 -1.31377344937 -0.407558882371
0.139148529033 0.382152511155 1.21610950989 0.137781867445 -0.104810379092 1.09053999036
-0.297255055937 0.0881941609181 -0.220704850442 -0.146730418149 0.262397247792 0.0676447166257
-0.446313617359 0.194225138853 -1.29340118508 -0.446313617359 0.194225138853 -1.29340118508
0.276727037481 -0.7450608455 -4.03282829216 0.605323220244 -0.800996662021 -3.99998579143
0.607650941672 -0.0247796248875 2.30987621954 1.05005982331 0.338133527108 2.57867167053
-0.274672785718 0.0326873344477 0.9491545494 -0.290274148191 0.0095583166025 0.814013952961
0.842772952451 -0.885682972643 3.37007871502 0.842772952451 -0.885682972643 3.37007871502
-0.673844843615 0.719683366018 3.50671572891 -0.808384599985 0.851622557086 3.57037142685
0.476881889291 -0.321822336586 0.00786602941006 0.66454894199 0.0516583775228 0.29140433294
-0.59788501025 0.778827529499 4.88286010456 -0.59788501025 0.778827529499 4.88286010456
0.140944163638 1.19191834687 3.28835182995 0.140944163638 1.19191834687 3.28835182995
0.282587769743 0.113235179025 0.128945822087 0.515441514231 -0.0514395105653 -0.310699166747
0.347002755113 0.101281331325 -5.64591043723 0.347002755113 0.101281331325 -5.64591043723
-2.20599217389 0.43036838849 2.7965233461 -2.20599217389 0.43036838849 2.7965233461
-0.216113440881 0.445231250093 -0.0635402519797 -0.216113440881 0.445231250093 -0.0635402519797
0.618203370472 0.145214077293 4.12811166606 0.723388703689 0.0639047554726 3.84207729813
0.210477689389 -0.00238305675539 0.482054995285 0.0937999289241 -0.100576476203 0.439292459147
0.275148324951 0.438426367585 -0.293259117294 0.223021817322 0.425975058015 -0.0720380223585
-1.66354527393 -0.24547612171 -6.09988442237 -1.66354527393 -0.24547612171 -6.09988442237
0.155557049481 -0.28092598736 1.09628115777 0.0319979370395 -0.323310629142 1.17284239832
-0.23171774339 -0.649085928887 0.078087774774 -0.23171774339 -0.649085928887 0.078087774774
0.00368093442209 -0.0236405197755 1.29244033859 -0.0413647816618 -0.00992695834213 1.65942627182
0.442946578215 -0.201615510131 -0.465824785699 0.186141538984 -0.620033257434 0.0474635102836
-0.343556592757 0.243628565722 -0.853073583996 -0.346351291312 0.471564902756 -1.00037522434
-0.280045065017 -0.524136565067 4.07143519928 -0.280045065017 -0.524136565067 4.07143519928
0.633369711038 -0.789718188097 -0.282470421049 0.633369711038 -0.789718188097 -0.282470421049
1.32085693187 -1.06987998477 5.93391820898 1.32085693187 -1.06987998477 5.93391820898
0.145197350539 -2.52354015419 0.688383973915 0.145197350539 -2.52354015419 0.688383973915
0.0222784330118 0.335866517319 -1.50849900056 -0.0417339966545 -0.163538479999 -1.39536227991
0.098380111656 -0.265137547719 0.452592021696 0.189202821689 0.17149788429 0.532868284211
0.307157353337 -0.203403675632 4.17450764523 0.227036508931 -0.32388430534 4.3166575095
0.505692355844 0.0938949324226 3.99657939956 0.618203370472 0.145214077293 4.12811166606
-1.64653641672 0.342319668518 2.51820244699 -1.64653641672 0.342319668518 2.51820244699
0.640146717034 -0.121116340495 -0.361103943988 0.381356633987 -0.00695649440032 -0.334431650074
-0.927149919564 1.26120071072 3.17463879079 -0.927149919564 1.26120071072 3.17463879079
1.99020885861 -0.81967221937 -4.08985371982 1.99020885861 -0.81967221937 -4.08985371982
0.228741222464 -0.556581652365 0.367106157835 0.410640452214 -0.0973277446247 0.231286910717
-1.63660842786 -0.18778671946 0.0218688713245 -1.63660842786 -0.18778671946 0.0218688713245
1.27020846735 -0.591929734916 2.30145182781 1.27020846735 -0.591929734916 2.30145182781
-0.991260363808 0.702653254547 4.67540166739 -0.991260363808 0.702653254547 4.67540166739
-1.46029491671 0.370156429248 -0.567073985765 -0.799079954647 0.263283994013 -0.428648519677
0.745914695327 0.637715901219 -2.01398117433 0.745914695327 0.637715901219 -2.01398117433
-0.974426783329 -0.285975661003 6.66579966488 -0.974426783329 -0.285975661003 6.66579966488
0.0646260828762 -0.209187204044 -0.56834678588 -0.203182377841 -0.260715326622 -0.211816816019
-0.943584291603 -0.58297298982 0.442291062647 -0.943584291603 -0.58297298982 0.442291062647
0.670242458959 -0.0215874704494 -0.241717301199 0.476881889291 -0.321822336586 0.00786602941006
0.0808646456626 0.513631386669 -1.53744642266 0.0808646456626 0.513631386669 -1.53744642266
-1.5342544081 -0.518614578884 -1.35621518988 -1.46292708465 -0.471509802231 -1.39800533038
-0.734121548092 0.482598500508 -4.75851334585 -0.734121548092 0.482598500508 -4.75851334585
-0.266312064975 -0.130543360783 -0.728571627534 -0.17436401885 0.11014212205 -0.757086580861
-0.0283066332891 -0.107758334726 0.679313377829 0.210477689389 -0.00238305675539 0.482054995285
-0.81122678396 -0.454833763797 -0.72419087052 -0.673621994228 -0.648454013018 -0.59476812763
-0.558013514416 0.414145531676 0.590003525868 -0.727518963915 0.347253515581 0.485009990805
-0.657422514469 1.25458896912 -6.80117497803 -0.657422514469 1.25458896912 -6.80117497803
0.175302530294 -0.0832513280935 -0.625584142057 0.105830273847 -0.362700224595 -0.756236441353
-0.263562846991 1.30792004707 -5.21770934095 -0.263562846991 1.30792004707 -5.21770934095
-0.0566215706163 -0.634513134391 2.47539820789 -0.0566215706163 -0.634513134391 2.47539820789
-1.18991474388 0.38390430549 0.751581445704 -1.18991474388 0.38390430549 0.751581445704
0.292952808177 0.00688744756347 -0.0641079406188 0.363716856675 -0.0311822853241 -0.171301307116
0.0637951499435 -0.527763103955 -2.87428855263 0.0637951499435 -0.527763103955 -2.87428855263
-0.673538346619 0.787790361131 2.00930797039 -0.718132817522 0.869272113755 2.08045302132
-0.192604060278 -0.25811482437 -2.37189230571 -0.192604060278 -0.25811482437 -2.37189230571
0.515530243485 -1.19189875796 -6.93211888479 0.515530243485 -1.19189875796 -6.93211888479
0.151721261675 0.332366516529 1.91783765318 0.0970881717789 0.182433314832 2.087531006
-0.700745146489 -0.0520430864282 -5.46032906216 -0.700745146489 -0.0520430864282 -5.46032906216
0.323898383544 0.195424538576 2.64583521002 0.451816096891 0.0226891229949 2.26668535808
-1.60611812069 -1.48190144894 -3.58342138215 -1.61059977084 -1.32521560063 -3.72851859042
-0.729582385515 -0.541047725014 6.10596928973 -0.729582385515 -0.541047725014 6.10596928973
-0.448372357935 -0.233413085827 0.261040575982 -0.304860181084 -0.302484457195 0.406784075101
-1.22684087578 -0.00569052044177 5.29532520989 -1.22684087578 -0.00569052044177 5.29532520989
-1.17759012182 -0.0997513505692 -4.1082566123 -1.17759012182 -0.0997513505692 -4.1082566123
1.13153289599 1.14359482279 -5.14374730599 1.13153289599 1.14359482279 -5.14374730599
0.800683096077 -0.330918629236 2.87834357195 0.800683096077 -0.330918629236 2.87834357195
0.773607325545 -0.239201265674 -3.73764924576 0.773607325545 -0.239201265674 -3.73764924576
1.07461135688 -0.732194463079 0.00792949135706 1.07461135688 -0.732194463079 0.00792949135706
0.407045476077 -0.506908465286 0.573477751748 -0.0243075976634 -0.00651697978897 0.602439593247
0.244349813403 0.46973304739 1.64897202062 0.473147867435 0.396618745274 1.9391335388
0.979185814301 0.373618249902 0.78564391468 0.681389019056 0.484727586219 0.885549695731
-0.0288691340221 -0.303653889588 4.07630159152 0.0573710133244 -0.403187290043 4.07177725673
-0.994080596551 -0.103022883551 -0.360186428914 -0.527018273934 0.252320739108 -0.37714786257
-0.327003412657 1.48076317955 1.098685136 -0.327003412657 1.48076317955 1.098685136
-0.458790595016 0.372662910479 0.979924221677 -0.602899383809 0.20486038303 1.12699206645
0.0313711156598 -0.382844673183 -0.130458278761 -0.014178226415 -0.144947514748 0.1262300234
-0.376937695217 1.13080930084 0.326656342184 -0.376937695217 1.13080930084 0.326656342184
0.760654582636 -0.899618509432 2.39365146527 0.760654582636 -0.899618509432 2.39365146527
0.0185267278685 0.023386628935 0.818606277304 -0.120171780057 -0.0827490120878 0.793195070852
0.155298390061 0.112354597758 -0.251862382185 -0.173899758064 0.214070985865 -0.567511601183
0.41381202136 -0.00740998556576 4.52283955124 0.41381202136 -0.00740998556576 4.52283955124
-0.697761817625 -1.35376654843 -6.91126340224 -0.697761817625 -1.35376654843 -6.91126340224
-0.40063796602 -0.193580645978 0.625066025481 -0.176931053447 -0.190369358092 0.874063666914
-0.703204263528 2.10144369268 -1.68321887847 -0.703204263528 2.10144369268 -1.68321887847
-0.32934282739 0.0702881713157 0.427706003102 -0.13774502578 -0.008854118378 0.296082292942
0.189202821689 0.17149788429 0.532868284211 0.5477252706 0.121014398769 0.283417039833
0.678493511885 -0.302006651932 0.832004980298 0.355460647034 -0.0379399350891 0.709774543275
-1.38710584357 0.646894520165 -1.47439921312 -1.38710584357 0.646894520165 -1.47439921312
0.0636136666215 -0.380277851457 1.02284625038 0.0636136666215 -0.380277851457 1.02284625038
-0.124298660017 -0.241889485042 2.28563744279 -0.357358655047 -0.355089954009 2.18834831931
0.226284162436 1.7300414976 -3.83913766307 0.226284162436 1.7300414976 -3.83913766307
-0.0335047144621 -0.0252389211356 -2.92644025222 -0.0335047144621 -0.0252389211356 -2.92644025222
-0.502061066526 0.101886259476 -0.323709004121 -0.502061066526 0.101886259476 -0.323709004121
-0.404629640976 -0.423955665365 3.112083494 -0.404629640976 -0.423955665365 3.112083494
-0.374034336403 -1.72871870294 3.39358600747 -0.374034336403 -1.72871870294 3.39358600747
0.325875657193 -1.68258836504 0.915987471518 0.325875657193 -1.68258836504 0.915987471518
-0.299150976649 -0.361321734297 0.0579682244828 -0.229045931646 -0.0562110991324 -0.135109400936
0.152761556441 -0.31079647779 1.4538177762 -0.0871575007393 0.0335395475264 0.972460917655
0.836359532045 -0.719877002101 0.154879546812 0.486602650183 -0.566141826907 0.121458790953
-0.266463459735 -3.8158738705 3.74270515457 -0.266463459735 -3.8158738705 3.74270515457
-0.819281188369 1.44758661039 5.11021775934 -0.819281188369 1.44758661039 5.11021775934
0.199743350148 -0.412818754724 -0.156193095405 0.413417157108 0.222705836878 -0.187434741449
0.133283237377 0.495149393001 -0.212456837214 0.221731606003 0.313842718522 -0.322517851285
1.09363214063 -0.615816236336 7.67734233407 1.09363214063 -0.615816236336 7.67734233407
0.335282435316 0.308433945793 0.323266639175 0.762321628924 0.125648396956 0.157496118309
-1.53026255491 0.00455278575954 -0.0828747617494 -1.53026255491 0.00455278575954 -0.0828747617494
-0.744215498232 -0.859494062907 -4.69206892421 -0.744215498232 -0.859494062907 -4.69206892421
1.21971901064 1.00447727661 -0.786747918941 1.47435684967 1.26729060721 -1.19738064797
-0.11123346184 0.0499384489346 2.90661243086 -0.11123346184 0.0499384489346 2.90661243086
1.59523074352 0.734792824981 -5.85750268304 1.59523074352 0.734792824981 -5.85750268304
-0.00625768292259 0.323316847355 -2.24134455352 -0.00625768292259 0.323316847355 -2.24134455352
-0.16714154046 0.237124426199 0.870326872271 0.029459963404 -0.124133647754 0.874688205346
-0.976472921389 0.080511087434 4.39237718303 -0.976472921389 0.080511087434 4.39237718303
0.0180095938947 -0.440486022495 3.36610071786 0.0994778502054 -0.534106347604 3.08057156364
-0.195674276671 -0.213177099007 0.106209001289 -0.448372357935 -0.233413085827 0.261040575982
-1.58941652392 -0.779376215156 0.62855811714 -1.58941652392 -0.779376215156 0.62855811714
0.326390552136 -0.71447516482 0.790087813115 0.11308070202 -0.53361359198 0.315914327254
-0.0605704330689 -0.563106005028 3.03161166183 -0.391265862248 -0.757101604552 3.1383542421
-0.0252599839235 -0.421557793464 -1.06480135105 -0.0252599839235 -0.421557793464 -1.06480135105
0.940483572522 0.0193496060092 2.67721383483 0.940483572522 0.0193496060092 2.67721383483
-1.21526176573 -0.341351923616 1.16955165073 -1.21526176573 -0.341351923616 1.16955165073
-0.101375010189 0.402101363526 0.12929336732 0.0632867673588 0.182319163113 0.351267158857
0.176378244668 -0.237257375977 2.17677622315 0.176378244668 -0.237257375977 2.17677622315
0.952735754741 0.353571251594 2.24489661748 0.952735754741 0.353571251594 2.24489661748
-0.175098808123 0.387931301777 1.81006084915 -0.290428070096 0.359074573168 1.96073272944
-0.721298762281 -0.0601975648983 0.548013356396 -0.293813897616 0.0377996212179 0.526878046697
-0.987362087041 0.212120879328 -0.258631495192 -1.0965212269 0.203292703922 -0.549710063294
-1.33196610656 -0.721739354311 -0.949841934621 -1.41017394756 -0.666794947381 -0.993442780524
-0.645102341597 0.177269062602 0.610734240177 -0.563665554239 0.387942353353 0.767361577413
0.360196886561 0.0788743623096 0.749062725774 0.234675050352 -0.162183376564 0.738426157007
0.292106148022 -0.788358032711 -0.0806407096904 0.292106148022 -0.788358032711 -0.0806407096904
0.170807523057 0.488320840706 -1.50119804637 0.170807523057 0.488320840706 -1.50119804637
-0.779113004215 2.01332323427 10.0581533109 -0.779113004215 2.01332323427 10.0581533109
-2.50316804839 -1.11191390562 -4.10502755382 -2.50316804839 -1.11191390562 -4.10502755382
0.333225911675 -0.377789147332 -1.87564476031 0.333225911675 -0.377789147332 -1.87564476031
0.646918585818 -1.06441951202 -4.39336286699 0.646918585818 -1.06441951202 -4.39336286699
-0.167598127432 -0.0185510716293 0.950457603917 -0.177767961399 0.541728473687 0.628011437561
-0.033720303715 1.38252106713 -1.57200964918 -0.033720303715 1.38252106713 -1.57200964918
-0.374743824665 -0.100724382834 -1.75391572998 -0.383881866745 -0.169849462415 -1.90255948714
0.216813090372 -0.915920597066 0.659548724964 0.216813090372 -0.915920597066 0.659548724964
-1.40973720967 -0.281490159062 -4.58626112876 -1.40973720967 -0.281490159062 -4.58626112876
0.63886955337 -0.101727962738 -0.401023796273 0.699883939386 -0.0408462421483 -0.653302157572
1.08627436706 0.894170557155 -1.65114712972 1.08627436706 0.894170557155 -1.65114712972
0.49750982978 -1.94029116673 0.413028120579 0.49750982978 -1.94029116673 0.413028120579
-1.64811811372 -0.617633501949 1.09119197643 -1.36623876511 -0.520691538428 1.48122234438
-1.08558154277 0.986804028345 -2.28858659646 -1.08558154277 0.986804028345 -2.28858659646
-0.797307399288 -2.28490576289 1.68592160907 -0.797307399288 -2.28490576289 1.68592160907
0.186281654337 0.0355179530483 0.230587437892 0.186281654337 0.0355179530483 0.230587437892
-0.0129659522207 0.096710321985 -1.23273438913 -0.0129659522207 0.096710321985 -1.23273438913
0.133329881817 0.255620508693 -0.387705761807 0.487094215017 0.184581500212 0.0353923882108
0.444203182924 -0.209179365357 -7.92713057233 0.444203182924 -0.209179365357 -7.92713057233
-0.175885132731 -0.793858159287 -1.76435482436 -0.175885132731 -0.793858159287 -1.76435482436
-0.25101432477 -0.183224808299 -0.528481514864 -0.0492388821585 -0.322144221584 -0.274619681445
0.431211734808 0.174375158406 2.94772202256 0.192414778454 0.18332005083 3.19244874173
0.605323220244 -0.800996662021 -3.99998579143 0.276727037481 -0.7450608455 -4.03282829216
-1.43313523707 -0.340009478844 -2.41639062167 -1.43313523707 -0.340009478844 -2.41639062167
0.495003259345 -0.13343045699 -1.75737827261 0.495003259345 -0.13343045699 -1.75737827261
-0.671165311155 -0.258533951028 0.726735303397 -0.294942897826 -0.287041724889 0.744407300053
0.269822814339 1.19150571323 2.97491741777 0.318114562021 1.00261205292 3.00782926736
0.83043689014 -0.28368927011 3.25673690288 1.04185580161 0.00665207407046 3.23642001017
0.405708135735 0.348540740096 7.28138826228 0.405708135735 0.348540740096 7.28138826228
-0.397023206674 -1.37965063767 4.9470168269 -0.397023206674 -1.37965063767 4.9470168269
-0.142988144669 0.548464884848 -3.41276969069 -0.255415962545 0.755920193045 -3.40594271673
0.205964555894 -0.673463738322 1.18224752659 -0.0236049337673 -0.323025308917 0.913722743679
0.410640452214 -0.0973277446247 0.231286910717 0.357063774062 -0.055338989463 -0.0201186179803
-0.858406108082 1.03876092964 -3.10681801475 -0.858406108082 1.03876092964 -3.10681801475
-0.848805789769 1.10747153661 3.03748881424 -0.848805789769 1.10747153661 3.03748881424
0.689765275641 -1.1060530796 0.353611648508 0.689765275641 -1.1060530796 0.353611648508
-0.184488034483 0.4675524334 0.8079428341 -0.639370026248 0.466601982457 1.18912548957
-1.18385558405 -0.393305092616 -0.472531984684 -1.18385558405 -0.393305092616 -0.472531984684
-2.30853443486 -0.637967080997 1.00016831462 -2.30853443486 -0.637967080997 1.00016831462
0.135003038325 -0.938056021633 4.77489039123 0.246428007074 -1.01565595837 4.42537864691
0.89321486006 1.21767518879 -3.03618989937 0.89321486006 1.21767518879 -3.03618989937
0.00519213448611 0.894987531187 -2.75918048602 0.00519213448611 0.894987531187 -2.75918048602
-1.74414856727 0.492533117152 -3.00928760395 -1.74414856727 0.492533117152 -3.00928760395
-0.284140647144 -0.0718993524896 0.953166157295 -0.170526278483 -0.480933958828 1.0934095464
1.39732740707 1.09297082576 -0.786292278019 1.39732740707 1.09297082576 -0.786292278019
-0.165645632299 -0.285361031833 0.597864019534 -0.165645632299 -0.285361031833 0.597864019534
-0.727518963915 0.347253515581 0.485009990805 -0.558013514416 0.414145531676 0.590003525868
1.43090887439 -0.515662449548 1.67942609022 1.43090887439 -0.515662449548 1.67942609022
0.0932535701917 0.0379717550756 0.427492623987 0.155298390061 0.112354597758 -0.251862382185
-0.427872804903 0.147373095865 1.81783744829 -0.175098808123 0.387931301777 1.81006084915
0.271737383249 -2.12117129347 0.211500359453 0.271737383249 -2.12117129347 0.211500359453
-0.158311857378 0.480712600125 0.0641463047396 -0.112068854881 0.57309128122 0.688416160942
0.0689259671624 -0.201205382124 -0.627236911412 0.199743350148 -0.412818754724 -0.156193095405
1.10098940021 0.746605768397 6.45749891177 1.10098940021 0.746605768397 6.45749891177
0.125026848124 0.319708637245 -0.486274457946 0.210155214687 0.00883884825745 -0.636315347574
-0.361008953335 0.216257634426 1.00569100438 -0.154243535354 0.336845786586 1.14786222192
1.01966240802 0.959362419623 -2.16278967538 1.01966240802 0.959362419623 -2.16278967538
-0.679634347704 0.16876866157 -9.6087619775 -0.679634347704 0.16876866157 -9.6087619775
-0.860694433188 0.483673587334 3.99496753681 -0.860694433188 0.483673587334 3.99496753681
-0.0182284574407 1.59939802769 -5.07823993292 -0.0182284574407 1.59939802769 -5.07823993292
0.231028165721 0.118121835463 0.296728144783 -0.217546773027 0.0595228529946 0.688392006397
-0.306298849921 0.245347546636 -0.658718118097 -0.268929474059 0.130903437863 -0.612615704525
-1.61059977084 -1.32521560063 -3.72851859042 -1.60611812069 -1.48190144894 -3.58342138215
-0.39231605117 -1.00341010906 1.69995427318 -0.39231605117 -1.00341010906 1.69995427318
1.69308657425 -0.953801957636 3.12878347385 1.69308657425 -0.953801957636 3.12878347385
0.0375125488878 1.52124558675 -2.96860529411 0.0375125488878 1.52124558675 -2.96860529411
0.624367506731 -0.37898530826 4.85724552823 0.624367506731 -0.37898530826 4.85724552823
0.0575660048598 -0.33733113351 0.108929739746 0.0575660048598 -0.33733113351 0.108929739746
0.198324504085 -0.755994978037 -1.61547045251 -0.0153383154315 -0.815089798889 -1.53579526554
0.223021817322 0.425975058015 -0.0720380223585 0.0999819769917 0.393652892422 -0.359032635207
-0.792871708489 0.212497880715 -3.87602460794 -0.792871708489 0.212497880715 -3.87602460794
-0.0492388821585 -0.322144221584 -0.274619681445 -0.485504594773 -0.196942632996 -0.00790960074119
0.314108600229 1.65992471683 4.42906838519 0.314108600229 1.65992471683 4.42906838519
0.276476364738 0.118919680088 -0.0055210366012 0.391392425766 -0.00873240410788 0.0959568273897
0.0970881717789 0.182433314832 2.087531006 0.626536545662 -0.0180449403956 2.09664665509
-1.2097323189 1.09180339486 7.20005793605 -1.2097323189 1.09180339486 7.20005793605
0.711573817608 0.577466385614 -0.629272233618 0.711573817608 0.577466385614 -0.629272233618
2.32143041601 0.0524423998074 -0.279303259217 2.32143041601 0.0524423998074 -0.279303259217
0.707191065174 -1.00056826498 -7.20949262774 0.707191065174 -1.00056826498 -7.20949262774
0.335131685254 0.199684927731 0.316228300318 0.335286471568 0.237750137431 -0.231897192225
0.210462812337 0.0417212993241 0.588870096703 0.303258850008 0.0841589863253 0.577637207927
0.298708386303 -0.285116759062 -0.0816206603513 0.452929159115 -0.112183485114 -0.025522106573
-0.77645712566 -0.0646860589067 0.566800166823 -0.460076216209 -0.263841255868 0.922606038787
0.183456853965 -0.32361723167 1.37457227569 0.155557049481 -0.28092598736 1.09628115777
-1.46292708465 -0.471509802231 -1.39800533038 -1.5342544081 -0.518614578884 -1.35621518988
1.6568135481 -1.17083629771 -2.83093329865 1.6568135481 -1.17083629771 -2.83093329865
-1.39482520167 -0.35458081652 -0.133254011961 -1.39482520167 -0.35458081652 -0.133254011961
0.0134978790648 0.0699263647392 0.636058095321 -0.0579953852669 0.169822677122 0.82914726638
0.725207062472 -0.668435935541 -2.10847608817 0.725207062472 -0.668435935541 -2.10847608817
0.413179507843 0.575190210662 -5.45334000197 0.413179507843 0.575190210662 -5.45334000197
-0.228705457896 -0.0499356908983 3.50810880477 -0.335716377242 -0.258271717585 3.4644193186
0.00368150684092 0.232341250781 0.327754570538 0.0372861344842 0.208205043827 0.245020085149
-2.09217187036 0.593841874408 4.60332731966 -2.09217187036 0.593841874408 4.60332731966
0.65738942692 0.231624035737 3.51077063277 0.913684660178 0.436253952124 3.28712993807
0.0217923328002 0.368020894694 -0.136542719076 0.114485214254 0.424604372703 -0.0335377411564
1.05005982331 0.338133527108 2.57867167053 0.940433418473 0.231522426055 2.37289860367
0.158634943146 0.503343035392 0.855718480892 -0.16714154046 0.237124426199 0.870326872271
0.734458256401 0.884126812145 2.55451367794 0.734458256401 0.884126812145 2.55451367794
-0.402945472895 -0.213494960402 2.66345790479 -0.402945472895 -0.213494960402 2.66345790479
0.102363521063 0.462085762581 0.238475215583 -0.0692543227778 0.86675018297 0.00528360269532
-0.108848909891 -2.36661283738 -5.26475153929 -0.108848909891 -2.36661283738 -5.26475153929
-0.170526278483 -0.480933958828 1.0934095464 -0.255377324799 -0.314393056957 0.752169962811
-0.0636705540129 -0.422953947452 -0.708620878198 -0.0176957475872 -0.399742171139 -0.366783470911
0.386771583463 0.0771800114855 1.30571814126 0.386771583463 0.0771800114855 1.30571814126
-0.197408232928 0.208662746164 -3.06323510401 -0.197408232928 0.208662746164 -3.06323510401
-0.041980016996 -0.20793038304 0.607621816658 -0.0283066332891 -0.107758334726 0.679313377829
0.505528145221 -0.374452931018 -2.14008701417 0.0994261009451 -0.593027338348 -2.19574662585
1.59398519316 -0.296381058536 3.76206804981 1.59398519316 -0.296381058536 3.76206804981
-1.02575069418 0.561595768453 3.3692226316 -1.02575069418 0.561595768453 3.3692226316
-0.789626658531 0.0983669167307 -0.0553260830314 -0.716597585389 0.409974721155 -0.0777314459071
1.46849057087 -1.00609598335 3.38446333075 1.46849057087 -1.00609598335 3.38446333075
1.11669218764 -0.141153586863 0.160637551109 1.11669218764 -0.141153586863 0.160637551109
-0.221186346761 0.385544518804 -0.70658892422 -0.221186346761 0.385544518804 -0.70658892422
-0.575418592267 -0.196267386766 -0.675925826625 0.175302530294 -0.0832513280935 -0.625584142057
0.353486448777 1.49270317294 6.4009624024 0.353486448777 1.49270317294 6.4009624024
1.57507857691 -1.83971075161 -3.45590830907 1.57507857691 -1.83971075161 -3.45590830907
-0.346351291312 0.471564902756 -1.00037522434 -0.606254634441 0.297473779356 -0.945552225851
-0.146730418149 0.262397247792 0.0676447166257 -0.283656104147 0.273732485497 0.535653519326
-0.0241417760994 1.92176450043 3.47747604974 -0.0241417760994 1.92176450043 3.47747604974
-0.505438302613 -0.343018443247 2.16214010886 -0.505438302613 -0.343018443247 2.16214010886
-2.74593626161 0.358413880555 2.69873388959 -2.74593626161 0.358413880555 2.69873388959
1.25657599197 -1.4354441913 6.99361874596 1.25657599197 -1.4354441913 6.99361874596
0.351675120483 0.986417580529 0.736435713384 0.250010267259 0.627617454145 0.89275134227
-0.207160476361 -0.156739078495 0.857814258565 -0.484338900613 0.175315369703 0.9182508698
-0.540073477113 -0.900594247066 -4.16312471474 -0.540073477113 -0.900594247066 -4.16312471474
0.653798634706 -0.0417781567184 -0.126548179132 0.694020026126 0.0788977802115 -0.234532408574
-0.0579953852669 0.169822677122 0.82914726638 -0.150747185335 0.0724255431502 0.580292266771
1.97506885008 -0.256954503071 -8.80317847423 1.97506885008 -0.256954503071 -8.80317847423
0.49391188073 0.958199669967 -5.51843074094 0.49391188073 0.958199669967 -5.51843074094
0.341303595162 0.263787007643 1.85367576286 0.341303595162 0.263787007643 1.85367576286
0.192414778454 0.18332005083 3.19244874173 0.431211734808 0.174375158406 2.94772202256
-0.56750581231 -0.883856873797 1.38869774545 -0.56750581231 -0.883856873797 1.38869774545
0.451365450282 -0.999962644095 4.18411678555 0.451365450282 -0.999962644095 4.18411678555
-0.255415962545 0.755920193045 -3.40594271673 -0.142988144669 0.548464884848 -3.41276969069
-0.926157361745 -0.709356876349 0.595442489371 -0.926157361745 -0.709356876349 0.595442489371
1.31222977422 -1.38475605547 -2.2123165448 1.31222977422 -1.38475605547 -2.2123165448
2.13673856465 1.67176736996 -2.6147235287 2.13673856465 1.67176736996 -2.6147235287
-0.19791588312 0.496098198923 0.418043717171 -0.101375010189 0.402101363526 0.12929336732
-0.339064979324 -1.37081799373 2.58259300771 -0.339064979324 -1.37081799373 2.58259300771
0.551050009933 0.219755101041 0.302748934316 0.590053689518 0.194271139763 0.24061129485
0.354980920001 0.367348799767 -0.71901029134 0.46654521399 0.490233663499 -0.459834775375
0.258211485906 -0.286357939235 -0.492588025223 0.290813634532 -0.392778139297 -0.0542475411814
0.280297404754 -0.270443864172 -0.136475384905 0.280297404754 -0.270443864172 -0.136475384905
-1.45760320564 0.22307635382 -4.85648525076 -1.45760320564 0.22307635382 -4.85648525076
0.369724147603 -0.785084785603 3.05480625534 0.369724147603 -0.785084785603 3.05480625534
-0.517835303814 -0.351988296343 0.706856551341 -0.145718037545 -0.0577089165221 0.600397402209
-0.279868111251 -1.02292614952 -1.64038622916 -0.279868111251 -1.02292614952 -1.64038622916
0.21268248674 0.00648987151285 8.18548021376 0.21268248674 0.00648987151285 8.18548021376
0.28241836338 0.470919954693 0.483925540592 0.0895423821202 0.497058177274 0.467703254196
-0.229045931646 -0.0562110991324 -0.135109400936 -0.257236316475 -0.382478079238 -0.0119055997224
-0.532951083547 0.283351064944 -0.668650104434 -0.379392748972 -0.0801928566272 -0.577718200593
-0.112040712619 -0.0930022836329 1.15693349419 -0.27582374075 0.0976741568621 0.607033380261
-0.691822061975 -1.814364912 -1.42617992585 -0.691822061975 -1.814364912 -1.42617992585
1.22292206532 -0.0781260722912 -5.65287895141 1.22292206532 -0.0781260722912 -5.65287895141
-0.779253917816 0.208736707315 4.24716193214 -0.779253917816 0.208736707315 4.24716193214
0.220618787238 0.0843539741873 0.431024851604 0.177291264218 0.0897895958435 0.47368373715
-0.93677389004 0.362578465339 -3.34877343359 -0.93677389004 0.362578465339 -3.34877343359
-0.672598315365 -0.0368380549379 -0.916697043444 -0.759178017595 -0.252354813731 -0.955244111777
-0.482040758674 0.0178250251527 4.51575126769 -0.482040758674 0.0178250251527 4.51575126769
0.511211358817 1.25012039203 7.06656914365 0.511211358817 1.25012039203 7.06656914365
0.681207280657 -0.394803014064 -4.93757069727 0.681207280657 -0.394803014064 -4.93757069727
0.0154167255338 -0.588841216738 -0.936939969832 0.0154167255338 -0.588841216738 -0.936939969832
-0.304860181084 -0.302484457195 0.406784075101 -0.179293842244 -0.435588528449 0.632333770008
0.187230038697 1.09504651756 -2.52718127922 0.187230038697 1.09504651756 -2.52718127922
1.16001496668 -0.808066429085 2.03258687806 1.16001496668 -0.808066429085 2.03258687806
-0.293813897616 0.0377996212179 0.526878046697 -0.052101019698 0.296745312555 0.27486838468
1.4931661954 0.56060215951 -2.03994801018 1.4931661954 0.56060215951 -2.03994801018
-1.5253260825 1.09039120666 -5.05154564265 -1.5253260825 1.09039120666 -5.05154564265
0.201807801015 -0.163475094841 3.24928604222 0.201807801015 -0.163475094841 3.24928604222
-0.716597585389 0.409974721155 -0.0777314459071 -0.987362087041 0.212120879328 -0.258631495192
0.029459963404 -0.124133647754 0.874688205346 0.00671370863967 0.20352723405 0.996679456647
-0.227279123473 -1.45501171507 -3.56286856267 -0.227279123473 -1.45501171507 -3.56286856267
0.453160650553 0.500069239559 -1.92636957167 0.453160650553 0.500069239559 -1.92636957167
0.231378332862 0.120424633293 -0.0634346015909 0.042295531282 -0.168628082469 0.545606578053
0.438438090054 0.937641910793 1.18497726055 0.438438090054 0.937641910793 1.18497726055
0.246428007074 -1.01565595837 4.42537864691 0.135003038325 -0.938056021633 4.77489039123
0.446023662588 -0.0611056818005 0.406186936007 0.28241836338 0.470919954693 0.483925540592
0.245142423042 -0.0262818515955 -0.182859901382 -0.202705724869 0.247332356198 -0.338755548638
0.463431233225 -0.202309977599 3.72949074071 0.390013985573 -0.457337921334 3.82646735384
0.961505548967 -0.330665922337 -5.40189097309 0.961505548967 -0.330665922337 -5.40189097309
-0.901673197828 0.76952813275 -2.5999528683 -0.901673197828 0.76952813275 -2.5999528683
0.113045674344 0.862469432616 0.0905516924552 -0.134650925304 0.914957670625 0.514758451638
0.207021595575 -0.501384842456 5.27391259564 0.207021595575 -0.501384842456 5.27391259564
-0.130458979639 1.05989081015 -5.10908634109 0.114455399264 0.868886579905 -4.99001064521
0.00671370863967 0.20352723405 0.996679456647 0.0771065232594 0.0600490856045 1.1700579624
-0.295427597602 -0.687217305381 -3.88849626035 -0.147841723488 -0.658626587705 -3.71118661163
0.962268533781 -0.459628415058 -0.481175808966 0.962268533781 -0.459628415058 -0.481175808966
-0.396884038497 -0.29814146708 -0.875280547757 -0.575418592267 -0.196267386766 -0.675925826625
0.760842996236 1.59526473909 -1.32754112622 0.760842996236 1.59526473909 -1.32754112622
-0.335716377242 -0.258271717585 3.4644193186 -0.228705457896 -0.0499356908983 3.50810880477
0.0845662140581 0.823527554059 -1.66449537889 0.0845662140581 0.823527554059 -1.66449537889
0.940433418473 0.231522426055 2.37289860367 0.607650941672 -0.0247796248875 2.30987621954
-0.290767484277 -0.552485974899 -2.39490355004 -0.290767484277 -0.552485974899 -2.39490355004
-0.134650925304 0.914957670625 0.514758451638 -0.0264568145246 0.756020796674 0.616631159339
0.0512631834044 -0.5033254146 0.346102217685 0.0172626686303 -0.564134356631 0.379754180395
-0.290428070096 0.359074573168 1.96073272944 0.244349813403 0.46973304739 1.64897202062
0.479020874696 1.37068325316 -5.52323569097 0.479020874696 1.37068325316 -5.52323569097
-0.106910933035 -0.144141451262 0.162792510968 0.0335985488713 0.0992776414785 0.375098188547
-0.533829014601 0.111795331582 7.51254772729 -0.533829014601 0.111795331582 7.51254772729
0.515441514231 -0.0514395105653 -0.310699166747 0.552977693827 -0.0441064616625 -0.0153484942934
1.15556816095 -1.0951901201 -5.70234013182 1.15556816095 -1.0951901201 -5.70234013182
-0.128966676409 -0.880670136396 1.35461571923 -0.0633001370616 -0.678107569094 1.47532168788
-0.0692543227778 0.86675018297 0.00528360269532 0.113045674344 0.862469432616 0.0905516924552
-0.378281745841 -0.113498494213 0.00941591547024 -1.09916615617 0.463103791263 0.181672789087
0.696063792835 -0.0475951301879 -5.63499327819 0.696063792835 -0.0475951301879 -5.63499327819
-0.379392748972 -0.0801928566272 -0.577718200593 -0.343556592757 0.243628565722 -0.853073583996
-1.16641864137 -0.530220225026 1.0193127063 -1.15381956774 -0.614660902933 1.04038858597
-0.899698548343 2.15017803658 0.125724436835 -0.899698548343 2.15017803658 0.125724436835
-0.111705886095 0.0945437038968 0.0151049478799 -0.157955162169 0.272732108922 0.0743737856975
-0.050380062836 -0.00495734553511 0.0687936218801 -0.225227977286 -0.0561370025836 0.139389008496
-0.283656104147 0.273732485497 0.535653519326 -0.361008953335 0.216257634426 1.00569100438
0.660582875045 0.0117665911091 -0.268453891606 0.559725299922 0.178205715519 -0.141568737864
0.632243091568 1.24012413117 -2.52811946205 0.755569369504 1.21386453657 -2.7809383404
0.5477252706 0.121014398769 0.283417039833 0.333651995039 -0.041623055552 0.388107949679
-0.663588878091 -1.90060564676 2.21052101499 -0.663588878091 -1.90060564676 2.21052101499
-0.518112701507 0.216899430039 -6.46094185426 -0.518112701507 0.216899430039 -6.46094185426
0.0319979370395 -0.323310629142 1.17284239832 0.152761556441 -0.31079647779 1.4538177762
-0.537255039958 -0.984661061985 2.96584623829 -0.537255039958 -0.984661061985 2.96584623829
-1.30188047206 -0.0348329612224 -0.844359096654 -1.30188047206 -0.0348329612224 -0.844359096654
-1.57740900417 0.505684918466 -6.8309599171 -1.57740900417 0.505684918466 -6.8309599171
0.926984247603 1.00442840526 2.94430980085 0.926984247603 1.00442840526 2.94430980085
-0.357902174534 -0.374489317685 -0.0740266634447 0.0446763755856 -0.235853570563 -0.0455783967728
1.05483468916 0.245645364105 -3.77591547302 1.05483468916 0.245645364105 -3.77591547302
-0.416978203378 -0.0499621987783 1.19256170601 -0.112040712619 -0.0930022836329 1.15693349419
0.483535443951 0.971045045918 2.04868324707 0.483535443951 0.971045045918 2.04868324707
-0.799829982673 -0.644520323709 -7.09808653018 -0.799829982673 -0.644520323709 -7.09808653018
0.702346481764 -0.217426406958 1.541607381 0.702346481764 -0.217426406958 1.541607381
-0.250840312287 1.19562039153 0.1160197806 -0.250840312287 1.19562039153 0.1160197806
-0.145718037545 -0.0577089165221 0.600397402209 -0.671165311155 -0.258533951028 0.726735303397
0.220055212578 1.13952746264 -3.46035393678 0.220055212578 1.13952746264 -3.46035393678
-0.255377324799 -0.314393056957 0.752169962811 0.0812308889362 -0.0688698097338 0.740095667506
0.91189323791 -0.062586346403 -0.951146997263 0.91189323791 -0.062586346403 -0.951146997263
-0.311617094472 -0.171805691638 -1.43602699876 -0.374743824665 -0.100724382834 -1.75391572998
-1.11077460711 1.26117785131 -0.625147786496 -1.11077460711 1.26117785131 -0.625147786496
-0.0597837931812 -0.208888837898 2.66978729447 -0.0597837931812 -0.208888837898 2.66978729447
0.0446763755856 -0.235853570563 -0.0455783967728 -0.0717014219564 -0.274069691956 0.0721412270755
0.0616726834751 -0.0935524251822 2.69086577036 0.0616726834751 -0.0935524251822 2.69086577036
-0.961187076756 0.195083608364 1.41153074034 -0.961187076756 0.195083608364 1.41153074034
-0.169640833672 0.729264157078 0.453365731703 0.102363521063 0.462085762581 0.238475215583
0.567348908751 -0.880180400791 11.116564104 0.567348908751 -0.880180400791 11.116564104
-0.867572605996 1.52914245869 -0.95264318315 -0.867572605996 1.52914245869 -0.95264318315
-0.2761146012 -0.27734386347 6.32727437431 -0.2761146012 -0.27734386347 6.32727437431
0.788828986846 -0.67645095544 3.71763716968 0.788828986846 -0.67645095544 3.71763716968
1.76647816532 0.0487706370786 -2.88201922863 1.76647816532 0.0487706370786 -2.88201922863
0.460073250562 0.889149695722 1.11139738029 0.460073250562 0.889149695722 1.11139738029
2.06390136817 0.302960370194 -4.66828708575 2.06390136817 0.302960370194 -4.66828708575
-1.08871645538 1.04167307806 3.22779061906 -1.08871645538 1.04167307806 3.22779061906
-0.253072685434 0.419841147644 -0.173464372253 -0.325264220498 -0.112827716381 -0.148475400692
0.56692831876 1.6363451164 -1.3770163669 0.56692831876 1.6363451164 -1.3770163669
0.246943283267 0.173231415734 -0.264506122845 0.174978779489 0.0723856426167 -0.134022244591
-1.73365167795 -0.616366650626 0.347511110453 -1.73365167795 -0.616366650626 0.347511110453
-0.0655640536709 -0.986381503949 1.25652120088 0.205964555894 -0.673463738322 1.18224752659
-1.35070849211 -1.23536758758 -2.99044362122 -1.35070849211 -1.23536758758 -2.99044362122
-0.0336016218875 -0.62561458734 -1.06855831923 -0.120245804711 -0.534390514877 -1.1659199369
-1.23736424315 -0.979328260196 4.82944767152 -1.23736424315 -0.979328260196 4.82944767152
0.0937999289241 -0.100576476203 0.439292459147 -0.050380062836 -0.00495734553511 0.0687936218801
0.603642665633 -0.224201028579 1.80656314377 0.603642665633 -0.224201028579 1.80656314377
-0.0791846942774 0.161841438997 1.21214520174 0.00368093442209 -0.0236405197755 1.29244033859
-0.108733978123 0.126323801478 0.20380674984 0.0541245369071 0.137096518659 0.322027788329
-0.739853380924 0.058525227084 -2.22533982922 -0.739853380924 0.058525227084 -2.22533982922
-0.27610401005 -0.183583714308 1.0576289636 -0.239765334614 0.182345373467 1.348638207
0.376642580284 -0.248280503732 2.48636459653 0.376642580284 -0.248280503732 2.48636459653
-0.718132817522 0.869272113755 2.08045302132 -0.673538346619 0.787790361131 2.00930797039
0.0315264866621 0.228044444238 -0.660149714602 0.354980920001 0.367348799767 -0.71901029134
0.755569369504 1.21386453657 -2.7809383404 0.632243091568 1.24012413117 -2.52811946205
0.389610280571 0.145726239658 0.113642914847 0.125026848124 0.319708637245 -0.486274457946
-0.014178226415 -0.144947514748 0.1262300234 -0.238894000221 0.198456006494 0.454631091529
0.692412983476 1.10947699339 4.07092292268 0.692412983476 1.10947699339 4.07092292268
0.00822494004561 -0.405421630598 -0.285103855306 -0.125497543594 -0.511483288937 -0.429753301774
-0.125646449678 -0.533293859051 0.46951082065 0.0438938721082 -0.320366962508 0.31017064053
0.264838439891 0.924009583078 0.97145102911 0.264838439891 0.924009583078 0.97145102911
0.757840337782 0.503075865104 -4.62592216919 0.757840337782 0.503075865104 -4.62592216919
0.163188891287 -0.517365396309 1.39701467292 0.163188891287 -0.517365396309 1.39701467292
-0.718077017299 -0.0104412694363 5.80242041954 -0.718077017299 -0.0104412694363 5.80242041954
0.333372110392 0.25842358319 2.38918451084 0.514930209668 -0.0606192786938 2.73411767524
-0.210559343211 -0.565416419164 2.89642477485 -0.210559343211 -0.565416419164 2.89642477485
0.197868394452 -0.8518804277 3.06822717985 0.0652651573217 -0.362162301678 3.08575497818
-1.49795245026 -1.25483473993 -2.66697646348 -1.49795245026 -1.25483473993 -2.66697646348
0.451816096891 0.0226891229949 2.26668535808 0.333372110392 0.25842358319 2.38918451084
0.641598619718 0.187635794775 0.212518015686 0.551050009933 0.219755101041 0.302748934316
0.626650044679 -0.835273903564 3.12745072136 0.626650044679 -0.835273903564 3.12745072136
0.0372861344842 0.208205043827 0.245020085149 0.0932535701917 0.0379717550756 0.427492623987
1.05723753473 -0.702080685333 1.38708889804 1.05723753473 -0.702080685333 1.38708889804
1.86055918525 0.246574712207 -3.20904150659 1.86055918525 0.246574712207 -3.20904150659
-0.052101019698 0.296745312555 0.27486838468 -0.32934282739 0.0702881713157 0.427706003102
-0.0709565960558 -0.398420842179 -1.20570268588 -0.0709565960558 -0.398420842179 -1.20570268588
-0.0176957475872 -0.399742171139 -0.366783470911 0.276778055368 0.0786210370368 -0.654833614999
0.15426812705 -1.43036903189 -0.685289509117 0.15426812705 -1.43036903189 -0.685289509117
0.823665287844 -0.813041597178 2.87294041147 0.823665287844 -0.813041597178 2.87294041147
0.383044661086 0.562373594127 -0.0986321027036 0.292952808177 0.00688744756347 -0.0641079406188
-0.196151604454 0.366432740482 -0.488837351459 0.442946578215 -0.201615510131 -0.465824785699
-0.162589882617 -0.528436918405 -2.93622307267 -0.0723418604514 -0.735529515994 -2.81584839912
-0.287965210672 0.00975663909612 1.0019833197 -0.416978203378 -0.0499621987783 1.19256170601
-0.120245804711 -0.534390514877 -1.1659199369 -0.0336016218875 -0.62561458734 -1.06855831923
0.198111865126 -0.84437475514 1.70201551616 0.198111865126 -0.84437475514 1.70201551616
-0.311611560335 1.05061715699 -1.1319206845 -0.439346298293 0.747757497196 -0.774989613683
0.148071884643 -1.65663223418 -5.59107481227 0.148071884643 -1.65663223418 -5.59107481227
-0.128058324761 -0.314331271905 -0.455921404195 -0.396884038497 -0.29814146708 -0.875280547757
0.338662966954 -0.023350484096 1.34558794277 0.338662966954 -0.023350484096 1.34558794277
0.620310014839 -0.659497486468 -0.690462902383 0.0689259671624 -0.201205382124 -0.627236911412
0.151447677716 -0.412569060057 0.808728222924 0.326390552136 -0.71447516482 0.790087813115
2.27340455883 -0.85973130332 6.37203943701 2.27340455883 -0.85973130332 6.37203943701
0.569846442279 0.253019465102 0.62215154331 0.569846442279 0.253019465102 0.62215154331
0.486602650183 -0.566141826907 0.121458790953 0.407045476077 -0.506908465286 0.573477751748
-0.210876307829 -0.37373250075 -4.92618238102 -0.210876307829 -0.37373250075 -4.92618238102
-0.53100828002 0.503457812395 2.13178550289 -0.632358094003 -0.172517779228 2.18533003562
0.240628302686 0.112411718633 4.00969928474 0.240628302686 0.112411718633 4.00969928474
-0.749799964247 1.59935439306 0.676096974767 -0.749799964247 1.59935439306 0.676096974767
-1.01889610151 1.35658257431 5.65528420812 -1.01889610151 1.35658257431 5.65528420812
0.559725299922 0.178205715519 -0.141568737864 0.731042153536 0.342262815093 0.13419466717
-0.114881604159 -0.048245976399 -0.366424709925 -0.128058324761 -0.314331271905 -0.455921404195
0.351321145314 -0.572325401226 0.722051259906 0.270780729296 -0.549886630866 0.731213951539
-1.09536434662 1.00105661967 -1.81626001259 -1.09536434662 1.00105661967 -1.81626001259
0.540656966817 0.65309314252 -1.12624380195 0.540656966817 0.65309314252 -1.12624380195
-0.0381528601747 0.640400476496 1.08528461237 0.158634943146 0.503343035392 0.855718480892
-0.546871598206 -1.24496626793 5.86060574044 -0.546871598206 -1.24496626793 5.86060574044
-2.22379884516 -1.58378496595 -4.1667070222 -2.22379884516 -1.58378496595 -4.1667070222
-1.36754418979 0.48806265501 -9.79845282498 -1.36754418979 0.48806265501 -9.79845282498
0.75209949099 -0.0162868822555 -0.0722139276616 0.747803926077 -0.117547560886 0.176858298137
-0.328757635267 1.23216913668 2.65710155874 -0.328757635267 1.23216913668 2.65710155874
-0.926893283587 0.0905060162877 -5.35651772646 -0.926893283587 0.0905060162877 -5.35651772646
0.278983359869 1.48681503705 2.84439353369 0.278983359869 1.48681503705 2.84439353369
0.294503826258 0.771347584545 0.75965577259 0.294503826258 0.771347584545 0.75965577259
0.701907163047 0.6716619077 10.366894673 0.701907163047 0.6716619077 10.366894673
0.0541245369071 0.137096518659 0.322027788329 -0.0781063741626 0.382744340664 0.229059398702
0.326402776791 0.068787097907 -0.360819042784 0.282587769743 0.113235179025 0.128945822087
1.04185580161 0.00665207407046 3.23642001017 0.83043689014 -0.28368927011 3.25673690288
0.177291264218 0.0897895958435 0.47368373715 -0.0865357020356 -0.14859728279 0.882539173688
0.594069834775 0.587241901967 0.687706720074 0.979185814301 0.373618249902 0.78564391468
-0.751553472314 0.32247675655 -0.793798287427 -0.751553472314 0.32247675655 -0.793798287427
-0.826348882556 0.349598835686 -0.753502498349 -0.826348882556 0.349598835686 -0.753502498349
-1.0965212269 0.203292703922 -0.549710063294 -1.46029491671 0.370156429248 -0.567073985765
0.611441378903 -1.54480805115 -1.14574187362 0.611441378903 -1.54480805115 -1.14574187362
-0.606254634441 0.297473779356 -0.945552225851 -0.532951083547 0.283351064944 -0.668650104434
-0.430785710172 -0.300037102771 -0.0597454813116 -0.789626658531 0.0983669167307 -0.0553260830314
-1.06435450356 2.11205185912 4.02443060262 -1.06435450356 2.11205185912 4.02443060262
1.29110516407 0.0609084421441 1.25033614481 1.29110516407 0.0609084421441 1.25033614481
-0.0931593657166 -0.0403572961027 5.25008513218 -0.0931593657166 -0.0403572961027 5.25008513218
-0.0859768710691 -1.6233501993 -0.264455546687 -0.0859768710691 -1.6233501993 -0.264455546687
0.699883939386 -0.0408462421483 -0.653302157572 0.63886955337 -0.101727962738 -0.401023796273
0.302148218774 0.435998156732 -2.752398001 0.302148218774 0.435998156732 -2.752398001
0.0723621141262 0.0435418186383 0.0932801366683 -0.111705886095 0.0945437038968 0.0151049478799
0.659165206047 1.2721587526 -0.18868514766 0.659165206047 1.2721587526 -0.18868514766
-0.176931053447 -0.190369358092 0.874063666914 -0.125646449678 -0.533293859051 0.46951082065
0.495855106972 1.28879591845 1.59781597813 0.495855106972 1.28879591845 1.59781597813
0.763099935067 0.396389927078 4.82977021807 0.763099935067 0.396389927078 4.82977021807
-3.24707189912 -0.16946795271 3.93726830314 -3.24707189912 -0.16946795271 3.93726830314
0.681389019056 0.484727586219 0.885549695731 0.63674183351 0.271589718362 0.689959854309
0.0913061733781 -0.536006542207 0.210538094561 -0.430785710172 -0.300037102771 -0.0597454813116
-0.731555475684 -0.292541041838 3.85278839935 -0.698802892812 -0.269106183081 4.03703339725
-0.288465671176 -1.28068691086 -1.03962135161 -0.288465671176 -1.28068691086 -1.03962135161
-0.13774502578 -0.008854118378 0.296082292942 0.0134978790648 0.0699263647392 0.636058095321
0.0771065232594 0.0600490856045 1.1700579624 0.139148529033 0.382152511155 1.21610950989
0.525981424471 -0.0859871655733 -0.0573948259995 0.640146717034 -0.121116340495 -0.361103943988
-0.464891615052 0.998138961673 -0.306836168666 0.193535684721 0.74746265349 -0.358910411961
0.186141538984 -0.620033257434 0.0474635102836 -0.298007037271 -0.642043252316 0.0697211049104
-0.338470062297 0.980273697584 0.254647154129 -0.272451472587 0.871669480018 0.0956457467565
0.832930075739 -1.99772250854 -4.74685344778 0.832930075739 -1.99772250854 -4.74685344778
1.45141407574 1.08261432416 -4.96718424816 1.45141407574 1.08261432416 -4.96718424816
0.0154208074846 -0.124088052682 0.469285547721 0.118761021541 -0.327642770522 0.524079097116
0.0716226267077 -0.968399765192 4.85357063051 0.0716226267077 -0.968399765192 4.85357063051
0.666863614588 0.0981581945594 -4.55381691025 0.666863614588 0.0981581945594 -4.55381691025
-0.910570370461 -0.166523631643 7.29827657751 -0.910570370461 -0.166523631643 7.29827657751
0.242793414328 -0.0935021633011 1.29646121157 0.242793414328 -0.0935021633011 1.29646121157
1.99687350237 0.498736379143 -0.294802722536 1.99687350237 0.498736379143 -0.294802722536
-0.257667333103 -0.666415638325 -0.0169165877145 -0.463303863989 -0.535871517853 0.0397616236467
0.846710762585 -0.551021266942 -0.181352896829 0.402281182905 -0.167851429735 -0.333593663097
1.1443348378 0.540580597769 -4.11292677535 1.1443348378 0.540580597769 -4.11292677535
0.376753119966 -0.184524201538 3.47052980942 0.463431233225 -0.202309977599 3.72949074071
0.66454894199 0.0516583775228 0.29140433294 0.647070718309 -0.078183971504 0.632731079481
0.0994261009451 -0.593027338348 -2.19574662585 0.0315299997586 -0.304887134977 -2.07614142728
-0.0258462927406 -1.05894385659 -1.1685257423 -0.0258462927406 -1.05894385659 -1.1685257423
1.39772241365 1.3519332782 0.843164346166 1.39772241365 1.3519332782 0.843164346166
-1.74001738092 0.330846636641 -6.70066539351 -1.74001738092 0.330846636641 -6.70066539351
-1.39061522454 0.159962293604 5.93996418945 -1.39061522454 0.159962293604 5.93996418945
0.381356633987 -0.00695649440032 -0.334431650074 0.332490010393 0.0121629597679 -0.301918785851
1.03089308399 0.522402854734 -5.35511035059 1.03089308399 0.522402854734 -5.35511035059
-0.0915978506265 -0.122338001981 4.73224077729 -0.0915978506265 -0.122338001981 4.73224077729
-1.36623876511 -0.520691538428 1.48122234438 -1.64811811372 -0.617633501949 1.09119197643
-1.66722899544 -1.04840060754 -3.09649977552 -1.66722899544 -1.04840060754 -3.09649977552
1.2782061069 1.75435541934 -2.00528978407 1.2782061069 1.75435541934 -2.00528978407
-0.07504692165 1.71255799784 2.11465505879 -0.07504692165 1.71255799784 2.11465505879
-0.27861288028 0.108758143105 -1.73754977051 -0.273819179106 -0.255553072042 -1.82758965659
-0.18596631696 0.274517894843 -0.958889803646 -0.266312064975 -0.130543360783 -0.728571627534
1.67635968192 -0.163662139391 1.27496342514 1.67635968192 -0.163662139391 1.27496342514
0.397778679727 0.141170551525 0.619949531411 0.248605067434 0.0589973074222 0.600202922213
1.06651578044 0.774213868976 -0.795534794973 1.06651578044 0.774213868976 -0.795534794973
0.270119783965 -0.596734852461 0.21101220026 0.362141849279 -0.547877395125 0.328432073391
-0.800763450328 0.111876491342 1.03082089437 -0.290603493781 0.217627163578 0.998452963169
-0.154243535354 0.336845786586 1.14786222192 -0.0791846942774 0.161841438997 1.21214520174
0.640249370187 -0.261900918581 0.96809365558 0.640249370187 -0.261900918581 0.96809365558
-1.06333155068 -0.0534667256874 2.75666245417 -1.06333155068 -0.0534667256874 2.75666245417
-0.537244094198 -0.204727321067 -0.0928454431519 -0.253072685434 0.419841147644 -0.173464372253
-1.01121206551 0.649887827551 -1.2112844022 -1.01121206551 0.649887827551 -1.2112844022
-0.58186986644 0.226915936062 -0.296214110773 -0.58186986644 0.226915936062 -0.296214110773
0.0517258323597 0.661437196685 2.26585362827 -0.281791624548 0.423305697578 2.19680894055
-0.333427123044 -0.311480011156 2.13559896502 -0.290843640434 0.0679124269229 2.46993369832
-1.96928369266 -0.560596845013 2.18325385748 -1.96928369266 -0.560596845013 2.18325385748
-0.0391925487328 1.2209240086 7.43924847532 -0.0391925487328 1.2209240086 7.43924847532
-0.952113162009 -0.550299805421 6.20025074412 -0.952113162009 -0.550299805421 6.20025074412
-1.17959392594 0.449450648969 -0.908907138192 -1.17959392594 0.449450648969 -0.908907138192
-0.357358655047 -0.355089954009 2.18834831931 -0.0172777585065 -0.0273537942924 2.11561514734
-0.799079954647 0.263283994013 -0.428648519677 -0.924789486549 0.351428140178 -0.562310055837
0.816590262529 -0.501328941572 1.09951696602 0.816590262529 -0.501328941572 1.09951696602
0.647070718309 -0.078183971504 0.632731079481 0.263649615015 -0.353333625303 0.376121323918
-0.639370026248 0.466601982457 1.18912548957 -0.800763450328 0.111876491342 1.03082089437
2.17889903221 -0.255793558012 0.719568177785 2.17889903221 -0.255793558012 0.719568177785
0.0329285273951 -0.260234741624 3.31782384285 0.0329285273951 -0.260234741624 3.31782384285
-0.112068854881 0.57309128122 0.688416160942 -0.0276329681065 0.697544071585 0.911112434316
-1.00314158739 0.651085834158 -7.21399399314 -1.00314158739 0.651085834158 -7.21399399314
-1.20098108329 0.596666259802 6.17320135194 -1.20098108329 0.596666259802 6.17320135194
-0.454972061595 0.322735732802 2.02751050471 -0.53100828002 0.503457812395 2.13178550289
0.105830273847 -0.362700224595 -0.756236441353 0.140029288067 -0.159557974832 -0.773363340712
-1.49007723335 0.255267459268 3.44260648858 -1.49007723335 0.255267459268 3.44260648858
1.74813113419 0.592620859934 -0.620980060332 1.74813113419 0.592620859934 -0.620980060332
0.455127642575 -2.59061663579 1.46048891068 0.455127642575 -2.59061663579 1.46048891068
0.421566270919 0.444410357951 2.2371606887 0.0517258323597 0.661437196685 2.26585362827
-1.45120088041 0.45044737028 8.38793170904 -1.45120088041 0.45044737028 8.38793170904
0.333651995039 -0.041623055552 0.388107949679 0.00368150684092 0.232341250781 0.327754570538
0.13255529172 -0.275995442519 0.781159329074 0.0512631834044 -0.5033254146 0.346102217685
0.174978779489 0.0723856426167 -0.134022244591 0.246943283267 0.173231415734 -0.264506122845
-0.439346298293 0.747757497196 -0.774989613683 -0.311611560335 1.05061715699 -1.1319206845
-0.0612018636444 1.03913460569 1.60117199917 -0.0612018636444 1.03913460569 1.60117199917
0.114457987927 -0.138807948736 -0.114203118381 0.298708386303 -0.285116759062 -0.0816206603513
1.54320646418 1.35945367695 -0.587346372047 1.54320646418 1.35945367695 -0.587346372047
0.89273427682 0.16515388992 -3.37509219448 0.94425348237 -0.0481287748849 -3.38926971941
-0.0172777585065 -0.0273537942924 2.11561514734 -0.232977866371 0.107884668467 1.66729527229
0.779764614714 -0.370125553234 -0.687663913035 0.779764614714 -0.370125553234 -0.687663913035
-0.129485467474 0.369338321124 -4.65164384292 -0.129485467474 0.369338321124 -4.65164384292
-1.54696039652 -0.941353255366 4.78879701993 -1.54696039652 -0.941353255366 4.78879701993
0.280646096488 0.280849733033 3.59150944575 0.280646096488 0.280849733033 3.59150944575
-1.71703796759 1.12461356683 2.88804921278 -1.71703796759 1.12461356683 2.88804921278
0.0492478023789 0.470078048391 -0.130938751529 0.275148324951 0.438426367585 -0.293259117294
-0.0616369813398 -0.155759613177 -11.9570097839 -0.0616369813398 -0.155759613177 -11.9570097839
0.0323207117833 1.07772669779 -4.8237191433 0.0323207117833 1.07772669779 -4.8237191433
-0.769320259779 0.875429574007 -2.50632456306 -0.769320259779 0.875429574007 -2.50632456306
0.354608485496 0.534816255401 -6.41931791534 0.354608485496 0.534816255401 -6.41931791534
0.948288279499 0.984611689553 2.70250327638 0.948288279499 0.984611689553 2.70250327638
-0.463303863989 -0.535871517853 0.0397616236467 -0.257667333103 -0.666415638325 -0.0169165877145
-0.18400040467 0.0254962685903 -0.510915393789 -0.18400040467 0.0254962685903 -0.510915393789
-0.435595442868 -0.595606847494 1.98696364311 -0.333427123044 -0.311480011156 2.13559896502
1.19739913284 -0.844444761192 0.061114572086 1.25983859079 -0.484194737983 0.0365159091576
0.821391688536 0.588527111895 -5.6557988202 0.821391688536 0.588527111895 -5.6557988202
0.590053689518 0.194271139763 0.24061129485 0.641598619718 0.187635794775 0.212518015686
0.46654521399 0.490233663499 -0.459834775375 0.383044661086 0.562373594127 -0.0986321027036
0.152728343615 -0.45787363092 -0.583645645689 -0.1718707682 -0.362975288242 -0.61452487359
1.14310789937 0.219732948429 -10.2394045682 1.14310789937 0.219732948429 -10.2394045682
0.413057191558 1.4061248473 4.75256431785 0.413057191558 1.4061248473 4.75256431785
1.12190123557 -0.623931967253 3.5814182605 1.12190123557 -0.623931967253 3.5814182605
0.114455399264 0.868886579905 -4.99001064521 -0.130458979639 1.05989081015 -5.10908634109
-0.399036737082 0.0418851293495 -1.72296896262 -0.0126055379363 0.249434662215 -1.86958221676
0.104845942949 -0.629475638305 2.58895887522 0.104845942949 -0.629475638305 2.58895887522
-0.00309227712281 0.0730243927959 4.48408734801 -0.00309227712281 0.0730243927959 4.48408734801
-0.342558025518 2.17382114217 -2.42306520263 -0.342558025518 2.17382114217 -2.42306520263
-0.386135356237 1.43742152055 -0.419027959138 -0.386135356237 1.43742152055 -0.419027959138
-0.675657353401 -0.131019978035 -2.51782531463 -0.675657353401 -0.131019978035 -2.51782531463
0.538912088422 0.44632045895 0.238486188773 0.428329936597 0.431838048005 -0.013541067101
-2.39290249533 0.110850280745 2.25189908062 -2.39290249533 0.110850280745 2.25189908062
-0.27582374075 0.0976741568621 0.607033380261 -0.40063796602 -0.193580645978 0.625066025481
-0.180053645502 1.3137750683 7.0798222585 -0.180053645502 1.3137750683 7.0798222585
0.279361319584 0.188814541666 1.57470932226 0.115094967781 0.0431144467561 1.71345945962
-0.974264129099 -0.317715157763 -8.12184736239 -0.974264129099 -0.317715157763 -8.12184736239
0.185237226098 0.381396365099 0.511858363018 0.220618787238 0.0843539741873 0.431024851604
-0.177767961399 0.541728473687 0.628011437561 -0.184488034483 0.4675524334 0.8079428341
-0.182547996798 -0.461107943954 -0.0731371209325 -0.171772590106 -0.346516667798 0.435588901515
-0.351744456988 0.204158555441 0.903561779017 -0.274672785718 0.0326873344477 0.9491545494
-0.439628797424 1.1235289577 -9.78020832765 -0.439628797424 1.1235289577 -9.78020832765
0.824372844662 -0.106550530742 0.947038123652 0.824372844662 -0.106550530742 0.947038123652
-0.868427910225 -0.907147413376 -1.45510380305 -0.868427910225 -0.907147413376 -1.45510380305
-0.239765334614 0.182345373467 1.348638207 -0.188827622338 -0.138707222593 0.989069182637
0.210155214687 0.00883884825745 -0.636315347574 0.18103674125 0.339525597958 -0.189651043497
-1.09916615617 0.463103791263 0.181672789087 -0.656236438229 0.524279207711 0.316288890438
0.862372153467 0.274591378239 3.08891612358 0.65738942692 0.231624035737 3.51077063277
0.158284749253 -0.467193271525 0.219648038266 0.270119783965 -0.596734852461 0.21101220026
0.549970026389 -0.0570744603092 3.1563448432 0.549970026389 -0.0570744603092 3.1563448432
0.537925685387 -1.10233227943 2.75730587669 0.537925685387 -1.10233227943 2.75730587669
-0.955247251584 1.24853106476 -5.39955007392 -0.955247251584 1.24853106476 -5.39955007392
1.77910794768 0.373797521443 -1.13980590233 1.77910794768 0.373797521443 -1.13980590233
1.53448489767 1.49073209887 -3.2762712933 1.53448489767 1.49073209887 -3.2762712933
-0.118886321914 0.0262161583675 0.392049889235 -0.118886321914 0.0262161583675 0.392049889235
0.456288945866 0.178787819388 4.02171122889 0.456288945866 0.178787819388 4.02171122889
-0.617742700296 1.58541858257 2.88711635442 -0.617742700296 1.58541858257 2.88711635442
0.000548925227766 0.766015197677 0.0276188652503 0.128924846263 0.141002816198 -0.0149970531879
-0.298007037271 -0.642043252316 0.0697211049104 -0.299150976649 -0.361321734297 0.0579682244828
-0.0251100548358 0.261762335294 -0.224100810424 0.000548925227766 0.766015197677 0.0276188652503
2.045327896 -0.902782435943 -0.174291872754 2.045327896 -0.902782435943 -0.174291872754
1.13256605681 0.766158824043 2.00380670982 1.13256605681 0.766158824043 2.00380670982
0.400458422228 -0.389857057773 1.3131007174 0.400458422228 -0.389857057773 1.3131007174
-0.13043901451 0.0286893735493 1.8884691178 -0.13043901451 0.0286893735493 1.8884691178
-0.1718707682 -0.362975288242 -0.61452487359 0.00822494004561 -0.405421630598 -0.285103855306
-1.11580083027 -0.259424338677 2.30001751553 -1.11580083027 -0.259424338677 2.30001751553
-1.18334624094 -0.193866805588 -7.66426244601 -0.946396745864 0.0586118485759 -7.55480320155
0.193535684721 0.74746265349 -0.358910411961 -0.306298849921 0.245347546636 -0.658718118097
0.357063774062 -0.055338989463 -0.0201186179803 0.166532616938 0.0249056707132 0.0473116719326
-0.628990331271 -0.391008445162 -5.93476820099 -0.628990331271 -0.391008445162 -5.93476820099
0.321915655707 0.531986908009 1.08647679131 0.321915655707 0.531986908009 1.08647679131
-0.17436401885 0.11014212205 -0.757086580861 -0.0304297580421 -0.115034656259 -1.10682652989
-0.238894000221 0.198456006494 0.454631091529 -0.349009911187 0.31772484721 0.000945852554436
0.201404445162 1.60533556064 -1.51503428137 0.201404445162 1.60533556064 -1.51503428137
-0.22554326335 0.0908787755741 -0.518474661017 -0.22554326335 0.0908787755741 -0.518474661017
1.46171050364 1.68697374314 3.39955541858 1.46171050364 1.68697374314 3.39955541858
-0.285524270116 -0.102271483832 1.50731610328 -0.611048929736 -0.0290027173734 1.18239458212
0.332490010393 0.0121629597679 -0.301918785851 0.326402776791 0.068787097907 -0.360819042784
0.115094967781 0.0431144467561 1.71345945962 -0.050002230045 0.203328258733 1.90131550443
-0.909304420169 0.661227282097 -2.28728052371 -0.909304420169 0.661227282097 -2.28728052371
-0.199566758281 -0.127284723842 -12.6316802305 -0.199566758281 -0.127284723842 -12.6316802305
0.391392425766 -0.00873240410788 0.0959568273897 0.653798634706 -0.0417781567184 -0.126548179132
0.720748684121 -0.319271649505 -2.03837224086 0.881594831304 -0.734466690155 -2.07517095553
0.407004494579 -1.22706914366 5.65736538513 0.407004494579 -1.22706914366 5.65736538513
0.504218645173 0.599203687755 3.36071374313 0.504218645173 0.599203687755 3.36071374313
-1.77921798081 -0.0864048853646 6.71863291161 -1.77921798081 -0.0864048853646 6.71863291161
0.452929159115 -0.112183485114 -0.025522106573 0.846710762585 -0.551021266942 -0.181352896829
1.1168840279 -0.263245730476 2.21390224484 1.1168840279 -0.263245730476 2.21390224484
0.0999819769917 0.393652892422 -0.359032635207 0.133283237377 0.495149393001 -0.212456837214
-1.00341618242 -0.606575205696 -0.810063453257 -1.00341618242 -0.606575205696 -0.810063453257
-0.856922643571 1.94642299216 -6.0536348386 -0.856922643571 1.94642299216 -6.0536348386
-0.0126055379363 0.249434662215 -1.86958221676 -0.27861288028 0.108758143105 -1.73754977051
0.117339177133 -0.360898926898 0.0588511325108 -0.284840615628 -0.750242915226 0.0611587825996
-0.167447210077 -0.820449155423 2.31520369638 -0.167447210077 -0.820449155423 2.31520369638
-0.00391008612101 -0.298390913399 0.119452211343 0.158284749253 -0.467193271525 0.219648038266
-0.947153322314 -1.1417366379 -6.6525404549 -0.947153322314 -1.1417366379 -6.6525404549
0.694020026126 0.0788977802115 -0.234532408574 0.152728343615 -0.45787363092 -0.583645645689
0.250010267259 0.627617454145 0.89275134227 0.415544094401 0.335108473322 1.13760340859
0.353273539628 0.175045575587 -0.503358392669 0.282082305086 0.0975957617586 -0.328682838061
0.422275578024 0.74864235661 -2.49335519056 0.422275578024 0.74864235661 -2.49335519056
0.464158774131 1.35711063489 -3.81235051098 0.464158774131 1.35711063489 -3.81235051098
0.913684660178 0.436253952124 3.28712993807 0.862372153467 0.274591378239 3.08891612358
-0.611048929736 -0.0290027173734 1.18239458212 -0.628654343954 0.0295945966288 0.957129970919
2.4280320156 0.795781283396 -4.50452831669 2.4280320156 0.795781283396 -4.50452831669
0.785120753631 1.23049309764 2.28740374212 0.785120753631 1.23049309764 2.28740374212
0.417535608259 -0.124860489334 -1.117633889 0.417535608259 -0.124860489334 -1.117633889
-0.643094637452 -0.91375604822 -0.917043662591 -0.643094637452 -0.91375604822 -0.917043662591
0.0632867673588 0.182319163113 0.351267158857 0.335282435316 0.308433945793 0.323266639175
-0.281791624548 0.423305697578 2.19680894055 0.151721261675 0.332366516529 1.91783765318
-0.232977866371 0.107884668467 1.66729527229 -0.314041565709 0.296246074059 1.80988109455
0.177593582035 -0.871374660115 -0.698382563477 0.177593582035 -0.871374660115 -0.698382563477
-0.0276329681065 0.697544071585 0.911112434316 0.351675120483 0.986417580529 0.736435713384
-1.15381956774 -0.614660902933 1.04038858597 -1.16641864137 -0.530220225026 1.0193127063
0.498967575639 -0.566753626243 -0.242790009589 0.620310014839 -0.659497486468 -0.690462902383
-0.325679825825 -0.365473467701 0.157730513744 0.0313711156598 -0.382844673183 -0.130458278761
-0.827411540555 -0.39125109095 5.74623553749 -0.827411540555 -0.39125109095 5.74623553749
-0.59826765307 0.183907788038 0.458801443571 -0.59826765307 0.183907788038 0.458801443571
-0.563665554239 0.387942353353 0.767361577413 -0.595561818853 0.145779850188 0.545372494633
0.762321628924 0.125648396956 0.157496118309 0.525981424471 -0.0859871655733 -0.0573948259995
0.137781867445 -0.104810379092 1.09053999036 0.13255529172 -0.275995442519 0.781159329074
-1.17494545408 -1.60387465162 -6.53590646608 -1.17494545408 -1.60387465162 -6.53590646608
0.114485214254 0.424604372703 -0.0335377411564 -0.19791588312 0.496098198923 0.418043717171
-0.0633001370616 -0.678107569094 1.47532168788 -0.128966676409 -0.880670136396 1.35461571923
-0.808384599985 0.851622557086 3.57037142685 -0.673844843615 0.719683366018 3.50671572891
0.63674183351 0.271589718362 0.689959854309 0.877736336551 0.226602236108 0.393129838671
0.698171545465 -0.765089262139 2.12759116243 0.698171545465 -0.765089262139 2.12759116243
0.198010479533 -0.786040743945 3.24113862349 0.0180095938947 -0.440486022495 3.36610071786
-1.87579247604 -0.810751867513 2.67759444843 -1.87579247604 -0.810751867513 2.67759444843
-0.257236316475 -0.382478079238 -0.0119055997224 -0.106910933035 -0.144141451262 0.162792510968
-1.23714994098 -0.7667640385 8.05763836641 -1.23714994098 -0.7667640385 8.05763836641
0.115422281596 0.593096063086 -1.06983665267 0.115422281596 0.593096063086 -1.06983665267
1.25983859079 -0.484194737983 0.0365159091576 1.19739913284 -0.844444761192 0.061114572086
-0.389877885811 1.45506662721 2.99360695577 -0.389877885811 1.45506662721 2.99360695577
-0.101882521032 0.463020320786 4.3065297509 -0.101882521032 0.463020320786 4.3065297509
0.390013985573 -0.457337921334 3.82646735384 -0.300021619227 -0.157515356934 3.82216810873
0.626536545662 -0.0180449403956 2.09664665509 0.642565781993 0.498056225837 1.92306639649
-0.268929474059 0.130903437863 -0.612615704525 -0.18596631696 0.274517894843 -0.958889803646
-1.66427868291 0.286300406781 2.82718750989 -1.66427868291 0.286300406781 2.82718750989
0.334304359158 -0.102716835719 -0.649947165655 0.258211485906 -0.286357939235 -0.492588025223
0.415544094401 0.335108473322 1.13760340859 0.360196886561 0.0788743623096 0.749062725774
-0.284840615628 -0.750242915226 0.0611587825996 -0.145135916341 -0.711045369085 0.0726772354297
1.10965984323 1.50086292036 3.97765048098 1.10965984323 1.50086292036 3.97765048098
0.128924846263 0.141002816198 -0.0149970531879 0.231378332862 0.120424633293 -0.0634346015909
0.597519774779 -1.3386887835 -3.58440333798 0.597519774779 -1.3386887835 -3.58440333798
-0.239461513024 0.637997089689 -4.86710835568 -0.239461513024 0.637997089689 -4.86710835568
0.754272734836 -1.24114647588 1.83247178516 0.649516249783 -1.32753130219 1.5268746378
0.248605067434 0.0589973074222 0.600202922213 0.446023662588 -0.0611056818005 0.406186936007
-1.00444410065 -0.762528941435 2.31060246218 -1.00444410065 -0.762528941435 2.31060246218
0.746921444977 0.483866509969 -1.68951772871 0.746921444977 0.483866509969 -1.68951772871
-0.272451472587 0.871669480018 0.0956457467565 -0.0756497204708 0.944357862827 0.142597236825
0.723388703689 0.0639047554726 3.84207729813 0.505692355844 0.0938949324226 3.99657939956
0.552977693827 -0.0441064616625 -0.0153484942934 0.691686720162 -0.403005614587 -0.13415088492
-0.599533023613 -0.7173767058 -0.808220717612 -0.81122678396 -0.454833763797 -0.72419087052
-0.0668448027336 0.716213966022 2.47090836761 -0.0668448027336 0.716213966022 2.47090836761
0.318114562021 1.00261205292 3.00782926736 0.269822814339 1.19150571323 2.97491741777
0.276735373528 -0.374702527713 -1.46895504069 0.276735373528 -0.374702527713 -1.46895504069
0.894809536643 -0.046753723793 -5.69452661508 0.894809536643 -0.046753723793 -5.69452661508
0.0366349042137 -0.137129926142 0.610801807909 0.210462812337 0.0417212993241 0.588870096703
0.105216485031 -0.0377593091008 0.806193884399 0.0185267278685 0.023386628935 0.818606277304
0.870539824624 1.46999459394 2.06379570004 0.870539824624 1.46999459394 2.06379570004
-0.213968494057 -0.119273955227 2.68320556391 -0.0325955512731 0.0374261530333 2.86159481966
0.771433924877 1.06242761502 1.46884268504 0.771433924877 1.06242761502 1.46884268504
0.315254925727 0.737808355319 2.6832099459 0.315254925727 0.737808355319 2.6832099459
-0.423463713255 -0.131403506527 -1.80947751708 -0.399036737082 0.0418851293495 -1.72296896262
0.591104165765 -0.281921440329 -1.41337135783 0.591104165765 -0.281921440329 -1.41337135783
-0.157955162169 0.272732108922 0.0743737856975 0.0183842789763 0.405647854408 -0.345625345396
0.731042153536 0.342262815093 0.13419466717 0.594069834775 0.587241901967 0.687706720074
-0.290603493781 0.217627163578 0.998452963169 0.132892920754 -0.344359228411 1.11697237153
0.369413377931 0.88878367073 0.127791285607 0.369413377931 0.88878367073 0.127791285607
0.642565781993 0.498056225837 1.92306639649 0.279361319584 0.188814541666 1.57470932226
0.270780729296 -0.549886630866 0.731213951539 -0.041980016996 -0.20793038304 0.607621816658
-0.26843345576 0.250771551588 -0.930253305936 -0.26843345576 0.250771551588 -0.930253305936
-0.491116161178 -1.28097014896 3.1106457504 -0.491116161178 -1.28097014896 3.1106457504
-0.125497543594 -0.511483288937 -0.429753301774 -0.357902174534 -0.374489317685 -0.0740266634447
0.273205973132 -1.22717717399 5.99329857643 0.273205973132 -1.22717717399 5.99329857643
0.0150739574818 -0.260075970545 -0.347573868092 0.0646260828762 -0.209187204044 -0.56834678588
0.709169563268 0.0865090086422 -3.7381103223 0.709169563268 0.0865090086422 -3.7381103223
-0.277015930436 -0.718117666933 2.01215846019 -0.277015930436 -0.718117666933 2.01215846019
-0.89434972972 -1.46142365504 -1.17033157388 -0.89434972972 -1.46142365504 -1.17033157388
-0.0404055804971 0.1745754489 0.53919925038 0.538912088422 0.44632045895 0.238486188773
1.63369324641 1.17579229291 -2.7197087988 1.63369324641 1.17579229291 -2.7197087988
-0.128810641454 -1.62609325976 -3.00820466422 -0.128810641454 -1.62609325976 -3.00820466422
0.840231312418 0.980591660828 -3.62775447057 0.840231312418 0.980591660828 -3.62775447057
0.772617551012 0.650061872212 4.67698669574 0.772617551012 0.650061872212 4.67698669574
2.23038727385 -1.14251239382 -1.73854610252 2.23038727385 -1.14251239382 -1.73854610252
-1.34880186396 -0.851603129972 5.06434575839 -1.34880186396 -0.851603129972 5.06434575839
-0.653414777218 0.200847696225 1.39783894594 -0.653414777218 0.200847696225 1.39783894594
0.298159205487 1.89610213999 1.05329551599 0.248999433251 2.18047496392 0.913150120536
-0.208638526637 -0.379585175214 2.49079984939 -0.208638526637 -0.379585175214 2.49079984939
-0.924789486549 0.351428140178 -0.562310055837 -0.994080596551 -0.103022883551 -0.360186428914
0.436954221459 -0.583049216894 2.58105437112 0.436954221459 -0.583049216894 2.58105437112
0.263649615015 -0.353333625303 0.376121323918 0.204673173124 -0.304894916941 0.35198646331
0.370920209652 -0.127128354747 0.910841288674 0.370920209652 -0.127128354747 0.910841288674
0.0652651573217 -0.362162301678 3.08575497818 -0.0605704330689 -0.563106005028 3.03161166183
-0.137673469253 1.10247629591 0.643239122977 -0.137673469253 1.10247629591 0.643239122977
-0.149780183909 -1.01554304186 1.65378353154 -0.149780183909 -1.01554304186 1.65378353154
0.248999433251 2.18047496392 0.913150120536 0.298159205487 1.89610213999 1.05329551599
0.877736336551 0.226602236108 0.393129838671 0.841507978009 -0.0903463250186 -0.121930256518
-0.673621994228 -0.648454013018 -0.59476812763 -0.567240089406 -0.502626665599 -0.433344376815
0.398947890738 -0.701202950107 2.33820518713 0.398947890738 -0.701202950107 2.33820518713
-0.0717014219564 -0.274069691956 0.0721412270755 -0.195674276671 -0.213177099007 0.106209001289
-1.10069866825 0.0398219379222 6.30250549211 -1.10069866825 0.0398219379222 6.30250549211
-0.899136600601 1.15824733498 4.94331552153 -0.899136600601 1.15824733498 4.94331552153
-0.325264220498 -0.112827716381 -0.148475400692 -0.378281745841 -0.113498494213 0.00941591547024
-0.0264568145246 0.756020796674 0.616631159339 -0.169640833672 0.729264157078 0.453365731703
-0.567240089406 -0.502626665599 -0.433344376815 -0.25101432477 -0.183224808299 -0.528481514864
-0.0781063741626 0.382744340664 0.229059398702 0.0492478023789 0.470078048391 -0.130938751529
0.0573710133244 -0.403187290043 4.07177725673 0.307157353337 -0.203403675632 4.17450764523
-0.142926670435 0.124051007513 -1.98868889799 -0.142926670435 0.124051007513 -1.98868889799
-0.300021619227 -0.157515356934 3.82216810873 -0.0288691340221 -0.303653889588 4.07630159152
-0.391265862248 -0.757101604552 3.1383542421 -0.263405843253 -0.496767454208 3.20866903409
-0.150747185335 0.0724255431502 0.580292266771 -0.0404055804971 0.1745754489 0.53919925038
1.82585254868 0.132308927153 3.26924830196 1.82585254868 0.132308927153 3.26924830196
-0.88613395757 0.189211190924 4.10850761116 -0.781382250023 -0.227857004954 4.08799072559
-0.986887270134 -0.115169489914 1.77285916503 -0.986887270134 -0.115169489914 1.77285916503
-0.602899383809 0.20486038303 1.12699206645 -0.287965210672 0.00975663909612 1.0019833197
1.19007028657 0.0476337494979 -8.24058520395 1.19007028657 0.0476337494979 -8.24058520395
-0.938376781315 0.184546950741 -2.0356514826 -0.938376781315 0.184546950741 -2.0356514826
-0.648505763629 0.938268824627 2.02070296849 -0.648505763629 0.938268824627 2.02070296849
0.363716856675 -0.0311822853241 -0.171301307116 0.498967575639 -0.566753626243 -0.242790009589
0.873288519485 1.65227132441 -8.89503739632 0.873288519485 1.65227132441 -8.89503739632
-1.09725523557 1.24436628528 11.1763073665 -1.09725523557 1.24436628528 11.1763073665
0.166532616938 0.0249056707132 0.0473116719326 0.185237226098 0.381396365099 0.511858363018
0.923350121808 1.7577818336 -1.5990640692 0.923350121808 1.7577818336 -1.5990640692
-1.36397670537 -0.833642156875 1.92080314905 -1.36397670537 -0.833642156875 1.92080314905
0.223806171434 -0.311805920553 -1.30584070804 0.223806171434 -0.311805920553 -1.30584070804
0.0315299997586 -0.304887134977 -2.07614142728 0.365966977357 -0.427858034117 -1.90681204113
0.0335985488713 0.0992776414785 0.375098188547 0.0217923328002 0.368020894694 -0.136542719076
-0.226041468339 -0.268247146793 -0.90433496494 -0.599533023613 -0.7173767058 -0.808220717612
-0.880010960527 -0.193265497714 0.203069815268 -0.880010960527 -0.193265497714 0.203069815268
-0.0236049337673 -0.323025308917 0.913722743679 -0.284140647144 -0.0718993524896 0.953166157295
-0.0593662560953 0.112340667869 -0.669804499234 -0.0593662560953 0.112340667869 -0.669804499234
0.198211051259 -0.200943832435 -0.134599222627 -0.0251100548358 0.261762335294 -0.224100810424
-0.720226056224 0.383084948891 -1.49010987261 -0.720226056224 0.383084948891 -1.49010987261
0.330988149469 0.15256855725 -0.126691443689 0.330988149469 0.15256855725 -0.126691443689
-0.0865357020356 -0.14859728279 0.882539173688 0.293066917706 -0.237580945041 1.45264009761
-0.628654343954 0.0295945966288 0.957129970919 -0.77645712566 -0.0646860589067 0.566800166823
0.0994778502054 -0.534106347604 3.08057156364 0.197868394452 -0.8518804277 3.06822717985
-0.501082541794 0.27687983563 -1.36813542349 -0.555628108942 0.252811098608 -1.19627925168
-0.359601376272 -0.685804211658 -2.38776459133 -0.359601376272 -0.685804211658 -2.38776459133
-0.0243013436205 1.66404785738 3.27007290929 -0.0243013436205 1.66404785738 3.27007290929
-0.769834867216 -0.599722496074 -3.40234802676 -0.769834867216 -0.599722496074 -3.40234802676
-0.39340172826 -0.271618667825 -1.16076257184 -0.39340172826 -0.271618667825 -1.16076257184
-0.22823748947 -0.565724986885 0.865678128376 -0.0655640536709 -0.986381503949 1.25652120088
-1.17514720114 0.642229387594 0.910274337974 -1.17514720114 0.642229387594 0.910274337974
-0.520212880357 0.361444651843 -1.72183649037 -0.520212880357 0.361444651843 -1.72183649037
-0.847816744532 1.13951442029 3.04328458241 -0.847816744532 1.13951442029 3.04328458241
-0.247033862987 -0.262938184303 1.04125264214 0.0529339738094 -0.42482588175 0.831802338859
0.227036508931 -0.32388430534 4.3166575095 0.376753119966 -0.184524201538 3.47052980942
0.293066917706 -0.237580945041 1.45264009761 0.183456853965 -0.32361723167 1.37457227569
0.514930209668 -0.0606192786938 2.73411767524 0.77351737993 -0.656822067163 2.88415902459
-0.565599063348 1.12154355957 1.57713333966 -0.565599063348 1.12154355957 1.57713333966
-0.387514076718 0.420293235328 -0.383648617525 -0.387514076718 0.420293235328 -0.383648617525
-0.656236438229 0.524279207711 0.316288890438 -0.537244094198 -0.204727321067 -0.0928454431519
-0.044187219575 1.3288866618 0.799008133559 -0.044187219575 1.3288866618 0.799008133559
0.643110002836 -0.655482084234 0.0984369271513 0.836359532045 -0.719877002101 0.154879546812
0.608400677082 0.597116323455 -2.82562300638 0.608400677082 0.597116323455 -2.82562300638
0.411656332496 0.272011850265 -0.225043019397 0.353273539628 0.175045575587 -0.503358392669
-0.273819179106 -0.255553072042 -1.82758965659 -0.311617094472 -0.171805691638 -1.43602699876
-0.582149201818 -0.970682901944 -2.97589863048 -0.582149201818 -0.970682901944 -2.97589863048
0.691686720162 -0.403005614587 -0.13415088492 0.993108971722 -0.644747858344 -0.468112135609
-0.116366235692 -1.07474157229 -1.34402700959 -0.116366235692 -1.07474157229 -1.34402700959
0.025818707523 1.66200986368 4.10644949594 0.025818707523 1.66200986368 4.10644949594
0.168104737156 -1.57625384256 2.96733438168 0.168104737156 -1.57625384256 2.96733438168
-0.171772590106 -0.346516667798 0.435588901515 -0.325679825825 -0.365473467701 0.157730513744
0.728120364086 0.174616507972 1.74417847065 0.728120364086 0.174616507972 1.74417847065
-0.062107097736 -1.12112209785 -6.67387649592 -0.062107097736 -1.12112209785 -6.67387649592
-0.120171780057 -0.0827490120878 0.793195070852 -0.0381528601747 0.640400476496 1.08528461237
0.226081130916 -0.60860054567 4.74948548416 0.226081130916 -0.60860054567 4.74948548416
0.552360375242 0.329085155379 -0.429142734342 0.392792967096 0.0983868660263 -0.332593076246
-0.217546773027 0.0595228529946 0.688392006397 -0.458790595016 0.372662910479 0.979924221677
-0.707261562092 0.519613140446 -4.88491008039 -0.707261562092 0.519613140446 -4.88491008039
1.20392549536 0.0306566444531 2.56658444788 1.20392549536 0.0306566444531 2.56658444788
-0.147841723488 -0.658626587705 -3.71118661163 -0.295427597602 -0.687217305381 -3.88849626035
0.0183842789763 0.405647854408 -0.345625345396 -0.196151604454 0.366432740482 -0.488837351459
-0.290843640434 0.0679124269229 2.46993369832 -0.124298660017 -0.241889485042 2.28563744279
-0.781382250023 -0.227857004954 4.08799072559 -0.639802419722 0.348579573 4.13659788252
0.869020262207 -0.676887877364 -6.92953535257 0.869020262207 -0.676887877364 -6.92953535257
-0.307977282824 -2.70320757535 3.29428376023 -0.307977282824 -2.70320757535 3.29428376023
-0.199727138807 -0.152237683135 0.766634664295 0.0154208074846 -0.124088052682 0.469285547721
-0.224030614774 0.508225467628 0.0260400050732 -0.108733978123 0.126323801478 0.20380674984
-0.0413647816618 -0.00992695834213 1.65942627182 -0.285524270116 -0.102271483832 1.50731610328
-0.0723418604514 -0.735529515994 -2.81584839912 -0.162589882617 -0.528436918405 -2.93622307267
0.0172626686303 -0.564134356631 0.379754180395 0.185100113478 -0.462415107523 0.583439679786
-0.0325955512731 0.0374261530333 2.86159481966 0.323898383544 0.195424538576 2.64583521002
-0.95806277899 1.24288477276 -3.38360423473 -0.95806277899 1.24288477276 -3.38360423473
-0.718915914068 -1.03462216634 3.16317988494 -0.718915914068 -1.03462216634 3.16317988494
0.0895423821202 0.497058177274 0.467703254196 -0.224030614774 0.508225467628 0.0260400050732
-0.213818066035 -1.49280327755 2.43761254831 -0.213818066035 -1.49280327755 2.43761254831
-1.03591965142 -0.838919214161 -6.78912456563 -1.15543074225 -0.734641373455 -6.92687072021
0.117831782852 0.428801814195 1.85937099055 0.117831782852 0.428801814195 1.85937099055
0.592931245635 0.480116508466 0.618171888407 0.592931245635 0.480116508466 0.618171888407
-1.0709781692 -0.478708837748 -7.01026616056 -1.03591965142 -0.838919214161 -6.78912456563
-0.233435362163 -1.76392642135 5.98903121591 -0.233435362163 -1.76392642135 5.98903121591
-0.0860379519763 0.825885086577 -1.65808731981 -0.0860379519763 0.825885086577 -1.65808731981
-0.0153383154315 -0.815089798889 -1.53579526554 0.198324504085 -0.755994978037 -1.61547045251
0.355460647034 -0.0379399350891 0.709774543275 0.098380111656 -0.265137547719 0.452592021696
-0.203182377841 -0.260715326622 -0.211816816019 0.0150739574818 -0.260075970545 -0.347573868092
0.951277283323 -0.338053788637 3.12556155284 0.951277283323 -0.338053788637 3.12556155284
0.208848582129 0.105379494769 -0.77472928733 -0.226041468339 -0.268247146793 -0.90433496494
1.42174235285 0.87913188847 -6.30607526378 1.42174235285 0.87913188847 -6.30607526378
0.185100113478 -0.462415107523 0.583439679786 0.228741222464 -0.556581652365 0.367106157835
0.042295531282 -0.168628082469 0.545606578053 0.351321145314 -0.572325401226 0.722051259906
0.97152754567 -0.187428873058 -3.54168071904 0.89273427682 0.16515388992 -3.37509219448
-0.130213559272 -0.939398051222 -3.63261442627 -0.130213559272 -0.939398051222 -3.63261442627
-0.51614428999 0.688748044462 -0.250653907541 -0.51614428999 0.688748044462 -0.250653907541
0.140029288067 -0.159557974832 -0.773363340712 0.334304359158 -0.102716835719 -0.649947165655
0.993108971722 -0.644747858344 -0.468112135609 0.662489265926 -0.216113299502 -0.17424610233
-0.685470806651 0.0313010161372 -1.82795039381 -0.685470806651 0.0313010161372 -1.82795039381
0.841507978009 -0.0903463250186 -0.121930256518 0.670242458959 -0.0215874704494 -0.241717301199
-0.0900831629727 -0.0920862589879 4.51318036915 -0.0900831629727 -0.0920862589879 4.51318036915
0.362141849279 -0.547877395125 0.328432073391 0.643110002836 -0.655482084234 0.0984369271513
0.473147867435 0.396618745274 1.9391335388 0.421566270919 0.444410357951 2.2371606887
-0.314041565709 0.296246074059 1.80988109455 -0.454972061595 0.322735732802 2.02751050471
1.08140313249 1.08234329156 0.816208943754 1.08140313249 1.08234329156 0.816208943754
-0.711170202801 -0.87725446078 -2.88757125069 -0.711170202801 -0.87725446078 -2.88757125069
-0.28242358911 -0.473521836585 1.92616970571 -0.0437898920465 -0.305306567779 1.97141491695
0.971173341828 -0.0669787155609 4.62065295224 0.971173341828 -0.0669787155609 4.62065295224
0.649516249783 -1.32753130219 1.5268746378 0.754272734836 -1.24114647588 1.83247178516
0.524347516114 -0.630137746419 -1.95021151953 0.660567495973 -0.686738035786 -2.02809051803
-0.383881866745 -0.169849462415 -1.90255948714 -0.509905265685 -0.508127848211 -1.77624072408
0.0228211874912 -0.00148683576715 -0.124949417417 0.133329881817 0.255620508693 -0.387705761807
-0.239947195389 -0.522683552587 3.8105766586 -0.239947195389 -0.522683552587 3.8105766586
0.247850077432 -0.0621771329236 2.50042614768 0.247850077432 -0.0621771329236 2.50042614768
-0.0871575007393 0.0335395475264 0.972460917655 -0.207160476361 -0.156739078495 0.857814258565
1.45516804884 -0.56580755666 -0.411899006214 1.45516804884 -0.56580755666 -0.411899006214
-0.81594468842 -0.502994228648 3.94905345872 -0.81594468842 -0.502994228648 3.94905345872
-0.290274148191 0.0095583166025 0.814013952961 -0.27610401005 -0.183583714308 1.0576289636
0.296633599654 -0.518426859241 -1.02836311639 0.296633599654 -0.518426859241 -1.02836311639
-0.188696017043 -0.638687190396 -4.72125836748 -0.188696017043 -0.638687190396 -4.72125836748
-0.179293842244 -0.435588528449 0.632333770008 0.151447677716 -0.412569060057 0.808728222924
0.221731606003 0.313842718522 -0.322517851285 0.0723621141262 0.0435418186383 0.0932801366683
1.06551167044 1.03919431344 -1.53634359251 1.06551167044 1.03919431344 -1.53634359251
0.741384454526 0.135335864231 0.289812517947 0.678493511885 -0.302006651932 0.832004980298
-0.759178017595 -0.252354813731 -0.955244111777 -0.672598315365 -0.0368380549379 -0.916697043444
-1.63239226836 -0.312054259396 2.01543383623 -1.63239226836 -0.312054259396 2.01543383623
0.583411681742 0.149284588849 -0.744011461213 0.583411681742 0.149284588849 -0.744011461213
0.276778055368 0.0786210370368 -0.654833614999 0.258110535034 0.060566999203 -0.773568242632
-0.108229222941 -0.911131285224 -0.214309652135 -0.108229222941 -0.911131285224 -0.214309652135
-0.509905265685 -0.508127848211 -1.77624072408 -0.423463713255 -0.131403506527 -1.80947751708
0.77351737993 -0.656822067163 2.88415902459 0.198010479533 -0.786040743945 3.24113862349
-0.622231220137 0.00543623099128 -3.19500979802 -0.622231220137 0.00543623099128 -3.19500979802
0.487094215017 0.184581500212 0.0353923882108 0.75209949099 -0.0162868822555 -0.0722139276616
-0.349009911187 0.31772484721 0.000945852554436 -0.158311857378 0.480712600125 0.0641463047396
0.428959860032 -1.08160436069 2.07418463459 0.428959860032 -1.08160436069 2.07418463459
0.881594831304 -0.734466690155 -2.07517095553 0.505528145221 -0.374452931018 -2.14008701417
0.0812308889362 -0.0688698097338 0.740095667506 0.105216485031 -0.0377593091008 0.806193884399
0.213425559168 -0.143040549114 -0.392728620373 0.198211051259 -0.200943832435 -0.134599222627
-0.639802419722 0.348579573 4.13659788252 -0.88613395757 0.189211190924 4.10850761116
-0.946396745864 0.0586118485759 -7.55480320155 -1.18334624094 -0.193866805588 -7.66426244601
0.65415662565 -0.146840966729 5.27636653855 0.65415662565 -0.146840966729 5.27636653855
-0.641514248764 0.534426596523 -0.189754450144 -0.641514248764 0.534426596523 -0.189754450144
1.33297065232 -1.75002344327 -9.29434420199 1.33297065232 -1.75002344327 -9.29434420199
0.303258850008 0.0841589863253 0.577637207927 0.335131685254 0.199684927731 0.316228300318
0.132892920754 -0.344359228411 1.11697237153 -0.167598127432 -0.0185510716293 0.950457603917
-0.442748312823 0.0413998917983 0.947534955168 -0.721298762281 -0.0601975648983 0.548013356396
-0.65960445049 0.0763478591074 1.2699550102 -0.65960445049 0.0763478591074 1.2699550102
0.123658008045 -1.72805066763 0.942229704604 0.123658008045 -1.72805066763 0.942229704604
0.402281182905 -0.167851429735 -0.333593663097 0.552360375242 0.329085155379 -0.429142734342
-0.580530482001 -0.352085262726 -4.30199720383 -0.580530482001 -0.352085262726 -4.30199720383
-0.263405843253 -0.496767454208 3.20866903409 -0.213968494057 -0.119273955227 2.68320556391
-0.225227977286 -0.0561370025836 0.139389008496 0.0287563238694 0.0700479871273 -0.224491178233
-0.26938447904 0.240601238315 -2.45774415787 -0.26938447904 0.240601238315 -2.45774415787
-0.968269096247 -0.631680724862 1.469528431 -0.968269096247 -0.631680724862 1.469528431
-0.0437898920465 -0.305306567779 1.97141491695 -0.435595442868 -0.595606847494 1.98696364311
-0.484338900613 0.175315369703 0.9182508698 -0.351744456988 0.204158555441 0.903561779017
1.10230119355 -0.147752344199 7.3437710061 1.10230119355 -0.147752344199 7.3437710061
0.0319165324498 0.334524111425 -2.43743199453 0.0319165324498 0.334524111425 -2.43743199453
0.255894170392 0.867567840822 2.42546196142 0.255894170392 0.867567840822 2.42546196142
0.197765028549 0.756958076155 0.356433502216 0.197765028549 0.756958076155 0.356433502216
-0.0756497204708 0.944357862827 0.142597236825 -0.338470062297 0.980273697584 0.254647154129
0.18103674125 0.339525597958 -0.189651043497 -0.298193673609 0.541104259581 0.0154994886653
0.11308070202 -0.53361359198 0.315914327254 -0.182547996798 -0.461107943954 -0.0731371209325
-0.591046015286 -0.201176998828 -0.169354430668 -0.591046015286 -0.201176998828 -0.169354430668
-0.242467181084 -1.66155449681 5.26353904144 -0.242467181084 -1.66155449681 5.26353904144
0.365966977357 -0.427858034117 -1.90681204113 0.524347516114 -0.630137746419 -1.95021151953
0.0529339738094 -0.42482588175 0.831802338859 -0.22823748947 -0.565724986885 0.865678128376
-2.23463282213 -0.918463841865 -2.00319843234 -2.23463282213 -0.918463841865 -2.00319843234
-0.131687331621 -0.0565595721942 -0.0152805922945 0.245142423042 -0.0262818515955 -0.182859901382
0.502811113052 1.0535599198 4.25022896869 0.502811113052 1.0535599198 4.25022896869
-1.27664044456 0.258713190284 -0.842283496691 -1.27664044456 0.258713190284 -0.842283496691
0.0438938721082 -0.320366962508 0.31017064053 -0.199727138807 -0.152237683135 0.766634664295
0.660567495973 -0.686738035786 -2.02809051803 0.720748684121 -0.319271649505 -2.03837224086
-0.128082933167 0.358384549333 -2.233501594 -0.128082933167 0.358384549333 -2.233501594
-0.887281044813 -0.549688314129 -0.564016869506 -0.887281044813 -0.549688314129 -0.564016869506
0.17145316283 -0.030394228574 5.2074244524 0.17145316283 -0.030394228574 5.2074244524
