----------------------------------------------------------
1000000 trials used for all d
d  | estimation of Vol1_s(d) | Vol1_s(d) (exact) |  n_hits
----------------------------------------------------------
 1 |                2.000000 |          2.000000 | 1000000
 2 |                3.141116 |          3.141593 |  785279
 3 |                4.197832 |          4.188790 |  524729
 4 |                4.927536 |          4.934802 |  307971
 5 |                5.269088 |          5.263789 |  164659
 6 |                5.182080 |          5.167713 |   80970
 7 |                4.717952 |          4.724766 |   36859
 8 |                4.109312 |          4.058712 |   16052
 9 |                3.306496 |          3.298509 |    6458
10 |                2.582528 |          2.550164 |    2522
11 |                1.916928 |          1.884104 |     936
12 |                1.372160 |          1.335263 |     335
13 |                0.753664 |          0.910629 |      92
14 |                0.606208 |          0.599265 |      37
15 |                0.327680 |          0.381443 |      10
16 |                0.327680 |          0.235331 |       5
17 |                0.000000 |          0.140981 |       0
