3.101817639635371 -0.8384063777214946 2.3746337422139807 3.101817639635371 -0.8384063777214946 2.3746337422139807
1.0868463235221384 -0.4622259838240497 0.42942300209025597 0.9935947310668206 -1.3643132878906585 0.5340858765495264
1.5715284829622889 1.0354406344901281 -3.810053780765374 1.5715284829622889 1.0354406344901281 -3.810053780765374
1.5500364050327209 1.344043892239914 0.04833422974363708 1.6124606834332227 1.2259392979635146 0.20162911949302462
0.5799767280666441 -3.4399820517224597 4.497336025006466 0.5799767280666441 -3.4399820517224597 4.497336025006466
0.5952481165332904 -0.498240695109789 -0.22756985673710997 1.0114834941113182 -0.9097089716901724 0.2838393852362321
1.125021399967916 0.9639816119918556 -0.034211332621760855 0.5136241517292323 1.5277706723142723 -0.07725981235063767
-4.372928525982051 2.037709673928815 0.2776541027517056 -4.372928525982051 2.037709673928815 0.2776541027517056
-0.3884254919535841 0.1863990911722403 -0.2104096708466633 -0.2721956622518873 0.5343445164043865 -0.13715215194624691
0.5414419945941404 -0.5131352195270568 -1.3154834225334382 0.3233319939327217 0.07145334891182553 -0.7436381373308532
1.510257025369661 -0.2159354842921541 0.03701833694334522 1.0768186004958131 -1.0103394273193984 0.7422218982230943
1.8514597905617092 2.9460836503965226 0.9133191947023986 1.8514597905617092 2.9460836503965226 0.9133191947023986
-0.8345541898017448 1.9553669578000439 3.3394187026406454 -0.8345541898017448 1.9553669578000439 3.3394187026406454
0.18593711428846404 0.5771205039058982 0.36085955103457656 -0.1527390112997484 0.435053702944169 -0.3237841248555945
-0.12740653113229017 0.21696050206211293 0.8872086906195698 -0.49403221596842484 1.2981237337673344 1.0648651287092163
-0.5593417879071926 -0.3096874194253063 -0.34103262937299833 -0.4025886562483844 -0.44427397859827633 0.2678485013773557
3.029912022434541 -0.42443660676662753 4.735138479020742 3.029912022434541 -0.42443660676662753 4.735138479020742
-0.34477721076796086 0.9386853519300558 -0.25884169275829244 -0.14022474701103205 1.0307857608946696 -0.15374959959737625
0.09688473059208234 1.513777708884482 -0.06740690147461417 1.125021399967916 0.9639816119918556 -0.034211332621760855
0.12700657685100358 4.413638610994293 2.3209703914041238 0.12700657685100358 4.413638610994293 2.3209703914041238
0.3807915467473207 0.24566940585873664 -0.009301398771580906 0.08876981036972026 0.08001353980973766 -0.18198511291183878
-0.07123079610171665 -0.7018051971879713 -1.3441434240338483 0.41270234406232364 -0.4080196868130026 -1.5162879936674887
-1.9660511250921144 -0.710075064593698 0.7783613004879442 -1.9660511250921144 -0.710075064593698 0.7783613004879442
4.439124400670615 3.0501298528662457 -3.1745721210548856 4.439124400670615 3.0501298528662457 -3.1745721210548856
-0.2182617106956016 0.19800992835938708 -0.13064525627634516 0.4782457704715743 0.059189546229729426 0.0632792029291401
-1.355346021415828 0.6264695889984594 1.311651544580955 -1.474245006016647 0.8929384781316823 0.7493926100477166
1.1209766689555232 0.3764952531205542 2.968885918825404 0.8148643388786199 0.40238103810459136 2.944225941928055
-0.7149156177865921 -1.3668920692722537 0.3270539522823964 -1.0083875237050395 -1.5877491266502926 0.24749144350457242
2.3420108410013487 -0.4958711139527602 0.037192798095910556 2.3420108410013487 -0.4958711139527602 0.037192798095910556
-0.49403221596842484 1.2981237337673344 1.0648651287092163 -0.05721781759352179 0.5011176300287211 0.34311441681059385
0.5604320605278175 -4.01848728689018 -0.6874202397281587 0.5604320605278175 -4.01848728689018 -0.6874202397281587
1.2492582236772616 0.5984716815291525 -0.1617112194431336 1.510257025369661 -0.2159354842921541 0.03701833694334522
-3.7320131229309133 0.4518428091674707 1.57725046283417 -3.7320131229309133 0.4518428091674707 1.57725046283417
1.3476859660517002 0.5084125242047695 1.3703989676566164 1.1034690095976392 0.41288526908578277 1.590353148530825
-2.857746408347644 3.3364534399520296 -0.2431980624534305 -2.857746408347644 3.3364534399520296 -0.2431980624534305
0.3510300890997676 -0.427629890094484 -0.115398439356071 0.3330627832641965 -0.21688499902733588 0.7054609231097982
-1.1431292598896698 0.6451260100306341 0.6589527512708993 -1.355346021415828 0.6264695889984594 1.311651544580955
4.942107000234479 -1.0665331271316865 0.6749752914899894 4.942107000234479 -1.0665331271316865 0.6749752914899894
1.0768186004958131 -1.0103394273193984 0.7422218982230943 1.137571041903546 -1.7454344406581574 0.11830901018908169
0.590728767329753 0.44560504561648845 -2.550772239019763 0.590728767329753 0.44560504561648845 -2.550772239019763
1.1045987713078587 -1.382676393268889 3.5885017780627546 1.1045987713078587 -1.382676393268889 3.5885017780627546
-0.04055055893182695 -0.2661833570267643 -0.011482253919753327 0.6072848824025951 0.22032885032160268 -0.28172787053517534
0.8104974672986488 1.3390140119513374 0.5863053549134748 0.8612142710230668 0.9060108456662812 0.20329856517961736
-0.9901286804821366 3.105459452790775 2.285144745860669 -0.9901286804821366 3.105459452790775 2.285144745860669
-1.1186619886683622 -2.7087948927196455 -1.9907275943289626 -1.0721837942527923 -2.319854455222866 -1.889448626349462
2.2998026803592104 0.6901223036543823 -1.1371068827427735 1.8214158225616144 0.7174504449175232 -0.9725439261599231
-0.9069776399403257 -0.3772000687650973 -0.31121917039915403 -0.8677564088776744 0.031458795999093236 0.3866404652152631
-1.2976594252348783 1.6174642038557734 -0.8064912322276859 -0.9254034444483807 1.4509870655452302 -0.9128885500963458
0.9018358711279333 0.1795093546617177 1.014880471543465 0.38817444652869476 0.14078599412321843 0.8442366308770036
0.24450633978872882 -0.7056056024329508 -0.6613592525334926 0.16303324156727622 -0.858157887529036 0.46476997333027303
0.08876981036972026 0.08001353980973766 -0.18198511291183878 0.20486662091285568 0.4196725236396685 0.4804830575201291
2.1196041689105773 -1.1987677259408949 -3.713200483250307 2.1196041689105773 -1.1987677259408949 -3.713200483250307
1.3944912458878107 -0.961330234369973 0.11123575094913973 1.0381024679812776 -0.4285334779434958 -0.9035097521802097
0.3466895870774338 -1.3283384134252243 -0.1100453219931139 -0.05423410251189607 -1.6201882887250068 -0.36119522869078163
-0.10803803617424737 0.36406015381645973 -1.0590427785074368 -0.3574519156889371 0.16709259039378388 -1.1409751870343223
0.6955212217775281 0.0015905092667835592 -0.5332226326889166 0.5869800272368153 -0.3147439544649947 -0.22327246577269824
0.6027781600272346 0.1381269385549767 -0.2307363439693071 -0.06426564366562881 -0.7034031841593377 -0.5660135357113838
0.13214405276655733 0.8598494708948958 0.046080454496928824 0.15981516000155072 0.8419802169405429 0.3241407341463979
0.6292031821575998 1.532156391727125 0.44949986772446265 0.6108298118468308 1.251588377770537 0.1211785352118907
0.8650622055746305 0.43173084681986906 0.09273142586400257 0.4206765763661233 1.1274849763660986 0.35438595498177883
0.317946167175394 1.4078561878161266 1.1540330166525163 0.4017096574566318 0.8115351882642006 1.3591698384517263
1.158676080824901 -0.5933386997310911 1.6532843826509396 1.158676080824901 -0.5933386997310911 1.6532843826509396
-0.4064724886723064 -0.45028829701585316 -0.8172113486702827 -0.6715267775499146 0.014949382960047553 -0.195395722432331
1.1034690095976392 0.41288526908578277 1.590353148530825 1.3476859660517002 0.5084125242047695 1.3703989676566164
0.3538549330417832 -0.17894192811073825 -0.20893256034069735 0.7826463749349837 0.19027146694627184 -1.3734836992351902
0.4701270101837236 0.7898007891750352 1.2883851137708153 0.9018358711279333 0.1795093546617177 1.014880471543465
0.27791261953957125 -3.652401796724359 0.008945509660812138 0.27791261953957125 -3.652401796724359 0.008945509660812138
-0.6571449911684192 -0.4682516599792107 -1.0242965658026932 -0.1605966980976239 0.26656589399225267 -1.24673619120976
-1.978820944976965 4.904545466814175 -1.504837737517191 -1.978820944976965 4.904545466814175 -1.504837737517191
-1.88385148782825 -0.036822145743796414 0.21116063432869014 -1.6837695825498245 -0.556563065796038 0.19202361336374166
1.1405429578223183 -0.8825294927168849 -0.8894935674348466 1.2359548574337966 -0.30483849503649185 -1.0271637055089853
-0.3151523368947349 1.189479490660557 -0.08584069891394766 -0.3423030431513536 0.47365542332867666 0.5630389471268163
0.20593103213648176 -1.443751235827672 -0.2869976262873051 0.20593103213648176 -1.443751235827672 -0.2869976262873051
1.1942578090071063 0.677576957566571 -0.5209565687483791 1.494826105666669 0.7877083978147227 -0.4915447784431951
-1.021514755343969 -1.091454846172561 0.277166160416334 -0.7053588817713863 -0.8366730863348173 0.7644257853471919
-0.2721956622518873 0.5343445164043865 -0.13715215194624691 -0.28899211510689704 1.3201097574666538 0.27973943734011225
-0.26211335485370585 0.5553587302283771 -0.9342573423479685 -0.23010951211389713 0.06776045912757811 -1.0642211739671945
0.10220127798080193 1.769974125544452 0.3289724857560677 0.10220127798080193 1.769974125544452 0.3289724857560677
-0.3574519156889371 0.16709259039378388 -1.1409751870343223 -0.3884254919535841 0.1863990911722403 -0.2104096708466633
-0.049494996061895016 -0.018746049728674385 0.4752726028020297 -0.30385199658140327 0.45212382954827307 0.6727884876951222
0.9458864216969147 1.2874273344750227 0.7869355245577788 0.6292031821575998 1.532156391727125 0.44949986772446265
0.3262625045286576 -1.8269449931550688 0.298368092164133 0.8467534314120978 -1.1764307163642198 0.6783414426167444
-0.3398757957017906 -1.164817096375113 -1.7256142728564712 0.31179721436741803 -1.1320977543782274 -1.619838088730564
1.0114834941113182 -0.9097089716901724 0.2838393852362321 0.05462346312048061 -0.21236809087377795 0.5704766576282567
-1.633666006128697 -5.187663627745694 2.3512887162440883 -1.633666006128697 -5.187663627745694 2.3512887162440883
-0.379186412862797 -0.09521066299673545 1.1508403539409913 0.16738855535464903 -0.4539976186987219 0.8618095672692588
-0.1638488292056842 0.9198794219612938 0.03089580014735005 0.3211565794443524 0.3853385313523818 -0.03297596363624029
-1.218099752438872 0.750980114432098 0.04867517264629345 -0.4091550903059328 1.036473490618206 0.3753640167176537
0.04144958647794056 -3.377925605860103 -0.9565567014040317 0.04144958647794056 -3.377925605860103 -0.9565567014040317
-0.21590498351121046 -0.21004068510290208 0.01760147276589298 -0.5646731909439936 -0.316043408920217 0.06674567960636345
0.264896656264998 0.07737816034150313 -0.029888286614712586 0.24450633978872882 -0.7056056024329508 -0.6613592525334926
-1.1825192344099307 -4.6040759221213206 -2.7260713638777636 -1.1825192344099307 -4.6040759221213206 -2.7260713638777636
0.2700145332805188 0.8051028834328653 -0.07793830132405416 0.08607362277438158 1.213194895884765 -0.9483355460638404
-0.3019996174835343 -0.40370610645780625 0.6521070178356464 0.6190260886954381 -0.33033893628947847 0.21234350048045209
0.05462346312048061 -0.21236809087377795 0.5704766576282567 -0.004863339168370041 0.07579463895519103 0.09315114675895941
-3.668874493545213 1.1086061486618772 -0.47507407690667586 -3.668874493545213 1.1086061486618772 -0.47507407690667586
-0.6684248385265534 0.8800195717258501 0.7461538808737305 -0.8384008771191316 0.8806396440946289 0.46773132961190456
-1.0785229642325336 -1.1917625783965642 0.33974953333288516 -0.7149156177865921 -1.3668920692722537 0.3270539522823964
0.07486568106778121 -0.1811842475852208 0.058626557897187404 0.1579964783052023 -0.40876206501329027 -0.13168406078639078
-0.6695156580190187 0.8042112784848905 0.5669665402073368 -1.1758672940455628 1.1293089294497902 0.2239340197652224
-0.8955185154177266 -0.1358616021511219 -0.6932638883561064 -0.9541323484992394 -0.01853801697006838 -0.6448407725704989
-0.6715267775499146 0.014949382960047553 -0.195395722432331 -0.01642841221986624 -0.6048238381702534 -0.6396083897552254
0.32715070719293354 -0.6481880570129732 -0.21525245515379426 0.24830760395420737 -0.23135591547381185 -0.33817805848055826
-0.28899211510689704 1.3201097574666538 0.27973943734011225 -0.4729746489922907 1.0337173636279173 0.12904960263834472
4.3818642171469895 -1.955695979029017 -1.1652362554812603 4.3818642171469895 -1.955695979029017 -1.1652362554812603
0.6859898137279039 -0.2832758163205725 0.7297718000587547 0.3509148974912068 -0.16775000598985265 0.46450417994034726
3.469646895389028 0.32013500239087755 3.624622654918348 3.469646895389028 0.32013500239087755 3.624622654918348
1.7084990075925588 0.6522763352206874 0.2918575344218101 1.6851606351607304 0.47881603788645877 1.0887366930400462
1.9686418463629993 1.3987843386605912 -3.1501385832175925 1.9686418463629993 1.3987843386605912 -3.1501385832175925
0.07458570052253805 -0.19264748028978063 -1.1604842811018412 0.4178475070799977 -0.006670519061105912 -0.4590121145038426
2.185958984452476 -1.9497667537977805 -0.8086262029536324 2.185958984452476 -1.9497667537977805 -0.8086262029536324
0.08575778380080953 0.18885299447716464 -0.5519596405482482 -0.09671653683959944 -0.17258035375670097 -0.31007460478965565
-0.5646731909439936 -0.316043408920217 0.06674567960636345 -0.2945228190308606 -0.560845829492822 -0.4142563941412889
0.0541056177830557 0.327724431904237 0.8299760995454045 0.3605620891988988 0.11729434518421261 0.29286762433283625
0.32995516762279 -2.745927638358885 -4.330006982601893 0.32995516762279 -2.745927638358885 -4.330006982601893
-0.06426564366562881 -0.7034031841593377 -0.5660135357113838 -0.07123079610171665 -0.7018051971879713 -1.3441434240338483
0.6656727945463558 -1.0668507914446699 -0.6681585140433396 0.33779609956898504 -0.18003886942185343 -0.3170073019688522
-0.16979775495207106 0.3360274577433263 -1.1144211333082115 0.33780820335396045 0.7433594454001073 -1.8543756256440629
0.15981516000155072 0.8419802169405429 0.3241407341463979 0.7666042659901805 0.42119334450076423 0.3421443667779779
-0.11544274207790271 -0.6353408539748019 -0.5773832703225708 0.3497578597740554 -0.17844142722549222 -0.47905385492503505
0.3330627832641965 -0.21688499902733588 0.7054609231097982 0.7997849610937748 -0.10667182286854829 1.1632869215123636
-0.34157420161879537 -1.5746031638472573 4.674144856472613 -0.34157420161879537 -1.5746031638472573 4.674144856472613
1.4656356126139312 -0.9558431911564437 -0.1830855899488029 1.4656356126139312 -0.9558431911564437 -0.1830855899488029
-4.060263376303455 0.8219641295048622 0.6170562219296127 -4.060263376303455 0.8219641295048622 0.6170562219296127
0.24237998373376457 -0.15215809678792408 -0.4219758605561993 0.45373830269568977 -0.4034015034903065 -0.9901219442125954
-0.9192783202704236 3.2006717486321477 2.093254578424196 -0.9192783202704236 3.2006717486321477 2.093254578424196
-0.4141486370790113 -0.6170691012937977 -0.8717829573674256 -0.6571449911684192 -0.4682516599792107 -1.0242965658026932
0.21823963456965498 0.03974944471603781 0.599111207329242 0.5047702227434323 -0.5288646058127148 0.5778427761042729
1.2359548574337966 -0.30483849503649185 -1.0271637055089853 0.7634683224560384 -0.8740639659861531 -0.4935685801453239
0.9935947310668206 -1.3643132878906585 0.5340858765495264 0.866979574194753 -1.1091403218286853 0.2610825983481268
-0.8690414252888858 1.1567177292481665 -0.8030066350105386 -0.15080653846833458 0.8639028138260539 -0.7761664774472087
0.31179721436741803 -1.1320977543782274 -1.619838088730564 -0.13748792349711636 -0.6865697238348109 -1.2566470947584667
0.18684539755743323 -0.14567718146766243 2.869482345048621 0.021159137098750502 -0.18652415376986026 2.399150020231944
-0.8605717056481214 -0.01780083492636919 -0.9472259483639429 -1.0591420440044894 0.19857527938244396 -1.2092977781434975
1.0834115910476467 -0.8589104479673288 0.759562425463629 0.47554183207328005 -0.42807906427809794 0.8717046913646691
-0.14238673769140153 0.3355072706477422 0.3110924925313578 -1.2938737155601414 0.2986142405184887 0.3165074876850433
1.164003756262752 0.703558705398913 1.7391323114224035 1.0436549017307 0.6639395564844819 1.776509918184685
0.2091314972217801 -0.23312444830136242 -0.3350685239672319 -0.36725122479498223 -0.02573441972725272 -1.368302246317631
0.5869800272368153 -0.3147439544649947 -0.22327246577269824 0.9836830783712204 -0.3079431132304217 0.3747587088577624
-1.474245006016647 0.8929384781316823 0.7493926100477166 -1.2586993602879741 0.6467086805273718 0.070165783672544
-5.434683317508 -0.653398128486546 0.6284633690628497 -5.434683317508 -0.653398128486546 0.6284633690628497
3.4321892015437516 -1.8662991518728702 -1.8864111971744528 3.4321892015437516 -1.8662991518728702 -1.8864111971744528
-0.6103890507363394 0.4765730840798601 -0.2673831911787244 -0.5593417879071926 -0.3096874194253063 -0.34103262937299833
0.29595615439322037 -0.8860178310983531 0.0035905189393722267 -0.21590498351121046 -0.21004068510290208 0.01760147276589298
-1.2938737155601414 0.2986142405184887 0.3165074876850433 -1.6778900643540062 0.4379056006258797 0.3551493376438881
0.8612142710230668 0.9060108456662812 0.20329856517961736 0.8300729394733924 0.5432821952470653 -0.05838910882170481
0.23017405951840325 0.21357415548463718 0.17958874662393262 -0.02780106121270315 0.004978398442415016 0.25687782343862453
-2.847956941965407 0.6407460844261564 3.73060312325316 -2.847956941965407 0.6407460844261564 3.73060312325316
0.22325528189685348 -1.6251788220554788 -1.8158018569399714 0.05931276160085758 -1.3904434524281972 -2.3520214411664933
0.07258018929078416 -1.1556641499337676 1.7885123406802634 0.07258018929078416 -1.1556641499337676 1.7885123406802634
1.137571041903546 -1.7454344406581574 0.11830901018908169 1.3944912458878107 -0.961330234369973 0.11123575094913973
0.4017096574566318 0.8115351882642006 1.3591698384517263 0.317946167175394 1.4078561878161266 1.1540330166525163
3.0249473647491434 -0.9359750633896665 0.0035074714267374035 3.0249473647491434 -0.9359750633896665 0.0035074714267374035
0.5755371383654868 0.4015649135329657 0.28282199781795786 0.532853063408588 -0.12395532701563933 0.7394975647611763
0.7569549022130617 1.9689881854603646 0.42068355258126733 0.4185191670239737 1.1682135999010033 0.5370845356092419
1.8274777305774332 1.0770066950141417 -0.6014457635790424 1.8274777305774332 1.0770066950141417 -0.6014457635790424
0.8300729394733924 0.5432821952470653 -0.05838910882170481 0.14249995446556896 -0.22122820544219474 -0.5609693097164594
0.20582835430837026 -0.31980914917253656 0.24304392359062232 0.05693985676735337 -0.3478374385332327 -0.05032396404320835
-1.0078841168389532 0.09848651241327694 -0.38045129366320296 -1.3164651672759957 0.8693700759407756 -0.6352026703756104
0.9836830783712204 -0.3079431132304217 0.3747587088577624 1.0776478375147538 -0.6634120404497422 0.8518750829515422
0.5136241517292323 1.5277706723142723 -0.07725981235063767 0.09688473059208234 1.513777708884482 -0.06740690147461417
-4.621444316546712 -1.7683304208889923 1.5073180641684756 -4.621444316546712 -1.7683304208889923 1.5073180641684756
-1.83849308230773 -2.4717078693949994 -0.45526398067835655 -1.83849308230773 -2.4717078693949994 -0.45526398067835655
-0.6534016207307436 1.7281159879590404 2.7647289978067184 -0.6534016207307436 1.7281159879590404 2.7647289978067184
0.12449112351200062 -0.3076564090660324 0.36038821880715044 0.1860009892294463 0.46837494626996196 0.1636901792192094
1.6895754680559076 0.1185637937179511 -1.666657934895592 1.6895754680559076 0.1185637937179511 -1.666657934895592
-0.3150544290457664 0.2654938390420153 0.7954252235165182 0.00787152860209489 0.9891469819176033 0.9111944184506598
0.7176608276224823 0.6913059683131768 0.025667440314577628 0.7176608276224823 0.6913059683131768 0.025667440314577628
4.387961517116296 0.44480092008277633 1.5270570482392962 4.387961517116296 0.44480092008277633 1.5270570482392962
2.5092769356663904 0.3164950838046132 4.435820664827309 2.5092769356663904 0.3164950838046132 4.435820664827309
0.8164789136411019 0.34610901113959186 0.4718136424562318 0.6894713423026987 0.48188921727269973 -0.0697640882809884
-1.5597424593267253 -1.2838532811791052 -2.3072917503563284 -1.5597424593267253 -1.2838532811791052 -2.3072917503563284
0.33779609956898504 -0.18003886942185343 -0.3170073019688522 0.43993912727428086 0.1000975585161214 -0.32090744586438014
0.5401002535052921 0.5003478744149472 -1.692685755116341 0.5401002535052921 0.5003478744149472 -1.692685755116341
-0.9541323484992394 -0.01853801697006838 -0.6448407725704989 -0.9950070146716895 0.9146738617756823 -1.1180022576227
0.16969392773347505 3.031816844033135 -0.6357974232071353 0.16969392773347505 3.031816844033135 -0.6357974232071353
0.20486662091285568 0.4196725236396685 0.4804830575201291 -0.14238673769140153 0.3355072706477422 0.3110924925313578
1.7646289917331694 -0.05468701745473032 -3.3427916746016515 1.7646289917331694 -0.05468701745473032 -3.3427916746016515
-1.6053731652515197 1.95375973875453 -1.668970944023261 -1.6053731652515197 1.95375973875453 -1.668970944023261
0.43993912727428086 0.1000975585161214 -0.32090744586438014 0.6853416872458656 -0.04349461359619422 -0.9255907491376243
-0.13748792349711636 -0.6865697238348109 -1.2566470947584667 0.23362002411281707 -0.4347441380886802 -1.4357632319745037
2.552951561450621 0.9310357159041706 0.8751009461969018 2.552951561450621 0.9310357159041706 0.8751009461969018
-0.6023535471443977 -0.0440215049024103 0.052273041304809253 -0.5446955521859247 -0.6348322728025301 0.317228848771003
-1.186899199451566 2.030462291200473 -1.0308754331849652 -1.186899199451566 2.030462291200473 -1.0308754331849652
-0.0013890410817033883 4.851984768352859 -2.9155803252312635 -0.0013890410817033883 4.851984768352859 -2.9155803252312635
-0.25995782669707845 0.2953089440854432 2.2012224134007994 -0.25995782669707845 0.2953089440854432 2.2012224134007994
1.4256053850332742 1.854763302694455 -0.13591463869653475 1.4256053850332742 1.854763302694455 -0.13591463869653475
0.3061166615088057 0.16269814994397575 1.1309874422219959 0.2964093357534605 0.2369404532118165 0.9686317655765238
-1.9094220015305823 1.2575686040105465 -0.7592601829646041 -1.9094220015305823 1.2575686040105465 -0.7592601829646041
0.19244743168988915 0.5506232774716281 -0.34962933631247817 0.42472614055230273 1.1885477905009552 -0.019678306923193778
0.18180638570306493 0.3394305373307854 -0.6667811852807641 0.13758836208328099 -0.10066945997597426 -0.06553753733165157
0.13758836208328099 -0.10066945997597426 -0.06553753733165157 -0.2577553101769511 -0.027729712275076382 0.29159648366320684
1.0436549017307 0.6639395564844819 1.776509918184685 1.164003756262752 0.703558705398913 1.7391323114224035
-1.4884306548385429 -1.1009949327071493 -0.23711864776951802 -1.4884306548385429 -1.1009949327071493 -0.23711864776951802
0.9167994358970415 -0.02935196348268826 0.8746706538797848 0.20960627953028788 -0.11827712951211738 0.8176951523814734
3.6518248175211063 -1.593291148600777 3.439196683510153 3.6518248175211063 -1.593291148600777 3.439196683510153
0.532853063408588 -0.12395532701563933 0.7394975647611763 -0.12195962871137495 -0.4230035669658158 0.3272751533354442
-0.02780106121270315 0.004978398442415016 0.25687782343862453 0.04670360204924698 0.5743999623999028 0.9311626893041632
0.9148541000928685 0.49063830495114197 3.058946649217109 0.9148541000928685 0.49063830495114197 3.058946649217109
-0.5557948275151524 -0.19745269256870113 0.51458015750955 -0.8883575821709075 -0.7144161403212539 0.4331980270621021
-0.4329939286253536 -0.04492223342807425 0.14784365363444124 -0.41143219512580453 -0.5047357868644393 0.05851156180676494
0.40323432211895593 -1.6670607805514772 -2.0257852186521585 0.40323432211895593 -1.6670607805514772 -2.0257852186521585
0.49748650103513264 -0.12864100293528 3.2389971914887337 0.49748650103513264 -0.12864100293528 3.2389971914887337
-1.3279665688742017 -0.14932070735918213 -3.376307975738409 -1.3279665688742017 -0.14932070735918213 -3.376307975738409
-0.0058772769329106245 1.4071473575670403 -1.3312878958768772 0.19244743168988915 0.5506232774716281 -0.34962933631247817
0.1579964783052023 -0.40876206501329027 -0.13168406078639078 0.6027781600272346 0.1381269385549767 -0.2307363439693071
-0.13565092107882903 0.1946334402965507 2.052721903572783 -0.13565092107882903 0.1946334402965507 2.052721903572783
0.5922833164151408 -0.29442350180286675 -0.9198630669263073 0.20553846649204122 -0.9254017801926759 -0.8162529067373201
-0.009925526569325854 0.5070148735086255 1.4587080465372515 0.30955344618581165 0.5279973775502692 1.2462498829144848
0.9471550299964808 1.27044455479869 3.57293258449154 0.9471550299964808 1.27044455479869 3.57293258449154
2.661634669676974 -1.2577687882370812 -0.11666075163498574 2.661634669676974 -1.2577687882370812 -0.11666075163498574
-2.7145338672235764 -1.9039230040933777 0.739318034603157 -2.7145338672235764 -1.9039230040933777 0.739318034603157
0.14249995446556896 -0.22122820544219474 -0.5609693097164594 0.1359886397374253 -0.1854029462553116 -0.8250487206393573
-0.004863339168370041 0.07579463895519103 0.09315114675895941 0.3510300890997676 -0.427629890094484 -0.115398439356071
3.9899654757769834 3.2794438693684436 2.635018575978224 3.9899654757769834 3.2794438693684436 2.635018575978224
0.9798438217728541 -0.39463718283573984 -1.3636310044308295 1.1405429578223183 -0.8825294927168849 -0.8894935674348466
1.8214158225616144 0.7174504449175232 -0.9725439261599231 2.2998026803592104 0.6901223036543823 -1.1371068827427735
-0.46083252676092507 -0.2894023802312777 0.02397554735217268 -0.5474004980880303 -0.3496887117645857 -0.05148398035713124
2.3233177134754524 4.4505827194612895 5.2315987593793105 2.3233177134754524 4.4505827194612895 5.2315987593793105
0.5079869397484659 0.7706365233114467 -0.020039605020962997 0.5950667952950804 0.9237966013419867 0.12717555222999885
0.6072848824025951 0.22032885032160268 -0.28172787053517534 0.8164789136411019 0.34610901113959186 0.4718136424562318
0.8759610420357591 1.9948507460974547 -0.2238298612987327 0.8759610420357591 1.9948507460974547 -0.2238298612987327
-1.8099600135708405 -4.302600947792641 -2.7645747140200183 -1.8099600135708405 -4.302600947792641 -2.7645747140200183
-0.9686683565408741 -1.3454473199579362 0.5764994179720044 -0.7618866869406612 -0.5698090950659945 0.24411711514017775
0.05979344834981495 -0.5761879809089246 0.004759308522495731 0.2091314972217801 -0.23312444830136242 -0.3350685239672319
0.38817444652869476 0.14078599412321843 0.8442366308770036 0.3816532872042432 0.5119072812801068 0.35780742066357585
0.8148643388786199 0.40238103810459136 2.944225941928055 1.1209766689555232 0.3764952531205542 2.968885918825404
4.1478486692524585 0.10972870552845439 0.6921810332607079 4.1478486692524585 0.10972870552845439 0.6921810332607079
-0.3375386162007943 3.8683578259570237 0.7910391802108407 -0.3375386162007943 3.8683578259570237 0.7910391802108407
0.3605620891988988 0.11729434518421261 0.29286762433283625 -0.05182129022221521 0.23772384709387734 0.3875224760159493
-3.1043409711296572 -1.3133430499262906 0.4181960964657592 -3.1043409711296572 -1.3133430499262906 0.4181960964657592
-0.6244920298819415 0.6227066085358108 1.3979173540679373 -0.12740653113229017 0.21696050206211293 0.8872086906195698
-0.9571353501121678 -2.4476172925716475 1.5823231500432904 -0.9571353501121678 -2.4476172925716475 1.5823231500432904
-0.9097727024837486 3.81314468744777 1.435674303617223 -0.9097727024837486 3.81314468744777 1.435674303617223
-0.4163179220839155 -0.7425571904983778 -0.3804390602127704 -0.7759032673286892 -0.873161228728611 -0.8416728020552771
0.16263506637941644 0.07172311578435986 -0.6658181443348686 -0.27094723628558104 0.15681528936305536 -0.697931199564733
1.8193857384577314 1.876099981358363 1.5810074960229694 1.4925221874799488 1.6730047843467137 1.2832865881781172
-0.9704618614511988 1.2856576288355799 -0.832862018581434 -0.9704618614511988 1.2856576288355799 -0.832862018581434
-0.8597402906297381 -2.4256183939721097 2.0266656055795274 -0.8597402906297381 -2.4256183939721097 2.0266656055795274
0.3816532872042432 0.5119072812801068 0.35780742066357585 0.20582835430837026 -0.31980914917253656 0.24304392359062232
-0.9254034444483807 1.4509870655452302 -0.9128885500963458 -0.3886273644694856 1.6550698958452124 -1.7110048400748452
0.3495440979048893 0.50312865984352 0.6217662267902944 0.4701270101837236 0.7898007891750352 1.2883851137708153
0.3654854775118901 0.07613849632780559 -2.12930018046253 0.3654854775118901 0.07613849632780559 -2.12930018046253
-0.3423030431513536 0.47365542332867666 0.5630389471268163 -0.058369837819544024 0.40034049001690125 0.5636737608873881
0.23042918714053667 -1.9431733764460475 -0.13998034936464687 0.3262625045286576 -1.8269449931550688 0.298368092164133
-0.7618866869406612 -0.5698090950659945 0.24411711514017775 -1.7466946265445116 -0.7400673889463542 -0.4517938166590433
-0.10465669102152422 -0.36321803449040074 -0.33541724667554385 0.2650461117820529 -0.337578706619665 -0.643147863607686
-1.0102684227387257 3.9751933180651258 1.711082402328027 -1.0102684227387257 3.9751933180651258 1.711082402328027
-1.0591420440044894 0.19857527938244396 -1.2092977781434975 -0.6506728915350238 0.35865720308282956 -0.5844920226653055
-0.04645950670240004 -0.8806867839409738 -0.2209891981191368 -0.3790051230100948 -0.6180012158491655 -0.45172809056238605
0.47554183207328005 -0.42807906427809794 0.8717046913646691 0.9167994358970415 -0.02935196348268826 0.8746706538797848
-0.3886273644694856 1.6550698958452124 -1.7110048400748452 -0.0058772769329106245 1.4071473575670403 -1.3312878958768772
-1.109590201504174 -1.4167108148715162 -0.05418932177174915 -1.2914941261082185 -1.2831452166298745 -0.026461515838936592
-0.37503416282146673 0.5429195473845718 -1.7827180340388564 -0.37503416282146673 0.5429195473845718 -1.7827180340388564
-3.7023934410249404 -1.211836217751807 -1.5523906140552621 -3.7023934410249404 -1.211836217751807 -1.5523906140552621
1.0381024679812776 -0.4285334779434958 -0.9035097521802097 1.0653147430691414 0.17165740879453117 -0.11241764348450944
-0.30798230676032123 -0.08370763070916216 -0.38049933682863557 -0.5458110365180792 -0.17638202805096376 0.6051889075183428
-0.15080653846833458 0.8639028138260539 -0.7761664774472087 -0.10803803617424737 0.36406015381645973 -1.0590427785074368
-1.5547661734679732 1.6149272306198892 4.7943066582975815 -1.5547661734679732 1.6149272306198892 4.7943066582975815
-1.0083875237050395 -1.5877491266502926 0.24749144350457242 -0.9686683565408741 -1.3454473199579362 0.5764994179720044
-1.2704233156536768 1.2463983756799841 -0.3255495755245163 -1.2704233156536768 1.2463983756799841 -0.3255495755245163
0.8173998789852928 0.2150976346491787 1.3659411939278736 0.2895224947498772 0.6060607809499143 1.2060150611592473
2.9717618743059977 0.12262632616794052 -0.034269934470784184 2.9717618743059977 0.12262632616794052 -0.034269934470784184
-2.7108955443491043 4.035210840783385 1.5539807100661114 -2.7108955443491043 4.035210840783385 1.5539807100661114
-0.4025886562483844 -0.44427397859827633 0.2678485013773557 -0.6371373194141552 -0.4700644408118374 -0.08594795436417199
-0.2641967203195612 1.11933458014844 0.16397777804796654 -0.6684248385265534 0.8800195717258501 0.7461538808737305
-1.258793203999223 -0.7900761476396473 5.168979485356494 -1.258793203999223 -0.7900761476396473 5.168979485356494
-2.4191530914542256 1.14079806433473 0.36648748960951505 -2.4191530914542256 1.14079806433473 0.36648748960951505
-0.19788149324168036 0.25983521533125353 -0.24266205909625338 0.3541305546493084 0.5818996271918582 -0.7493707720102704
-1.6778900643540062 0.4379056006258797 0.3551493376438881 -1.7899796815301994 0.32107959858845353 0.535922521082023
1.494826105666669 0.7877083978147227 -0.4915447784431951 0.4386895164524356 0.47853550884663615 0.06139703929233031
0.3242294358474783 -0.38782483450601807 0.06895137484653521 0.29595615439322037 -0.8860178310983531 0.0035905189393722267
0.05575928950496373 0.2907321989007036 0.10316672691851425 -0.237545642147504 0.780410980832014 0.32152733040659115
-0.44454015021412746 1.5951952878115383 0.24721651600191646 -0.44454015021412746 1.5951952878115383 0.24721651600191646
-2.6908402264591302 1.0321243411540355 -2.4503778778174863 -2.6908402264591302 1.0321243411540355 -2.4503778778174863
-0.36725122479498223 -0.02573441972725272 -1.368302246317631 -0.10465669102152422 -0.36321803449040074 -0.33541724667554385
-0.672038398651043 -0.8663053558515067 0.42280397488597193 -0.672038398651043 -0.8663053558515067 0.42280397488597193
0.8322211171865687 -1.0191789369586206 -3.3846213144553587 0.8322211171865687 -1.0191789369586206 -3.3846213144553587
0.04670360204924698 0.5743999623999028 0.9311626893041632 -0.6244920298819415 0.6227066085358108 1.3979173540679373
-1.326743701395876 -0.5585035243538583 0.5137054334243915 -1.88385148782825 -0.036822145743796414 0.21116063432869014
0.046369736585196386 0.1472257286021374 -0.8892787894082346 -0.29216506745680093 0.3613761380859914 -0.6042416268983414
1.6953256578204365 1.4047054711844127 -0.20391898573698022 1.5500364050327209 1.344043892239914 0.04833422974363708
0.1359886397374253 -0.1854029462553116 -0.8250487206393573 0.05979344834981495 -0.5761879809089246 0.004759308522495731
-1.4709168720051988 0.6134528400415715 0.21746736178547385 -1.1431292598896698 0.6451260100306341 0.6589527512708993
0.8767441145314954 -0.07021127945341715 -0.5648046391427817 1.1942578090071063 0.677576957566571 -0.5209565687483791
-1.0721837942527923 -2.319854455222866 -1.889448626349462 -1.1186619886683622 -2.7087948927196455 -1.9907275943289626
0.1860009892294463 0.46837494626996196 0.1636901792192094 0.21823963456965498 0.03974944471603781 0.599111207329242
0.30747879088649366 3.416202604100081 -0.353728447075798 0.30747879088649366 3.416202604100081 -0.353728447075798
-0.7458002708940482 -0.009371922289511336 1.2915276944768943 -0.7458002708940482 -0.009371922289511336 1.2915276944768943
3.1992458881885444 -2.4196443205981417 8.529400964288568 3.1992458881885444 -2.4196443205981417 8.529400964288568
0.7696742198067323 -3.440275824738982 -1.3135372178720477 0.7696742198067323 -3.440275824738982 -1.3135372178720477
0.6853416872458656 -0.04349461359619422 -0.9255907491376243 0.4609894274797692 -0.4242154491757165 -0.7734160566680099
-0.1775993704548237 0.20197513194512406 0.687375940463886 -0.14145987986926917 0.4712497950534934 0.2658229227028485
0.4206765763661233 1.1274849763660986 0.35438595498177883 -0.1775993704548237 0.20197513194512406 0.687375940463886
-0.8883575821709075 -0.7144161403212539 0.4331980270621021 -0.6089260183803886 -0.46516438944569727 0.14324591949223137
-0.8677564088776744 0.031458795999093236 0.3866404652152631 -0.6158272047192311 0.15393060655435767 0.49243282699748525
-0.2121969066375664 -1.7851875160229784 0.8934149148043864 -0.2121969066375664 -1.7851875160229784 0.8934149148043864
1.0653147430691414 0.17165740879453117 -0.11241764348450944 0.5561696804373191 -0.17422361585108842 -0.35626574479999806
2.352593915226132 -1.2496305976981856 -1.5762458428859805 2.352593915226132 -1.2496305976981856 -1.5762458428859805
-0.28978287905279687 0.830054901874244 -0.4560414367424808 -0.38861671072486104 0.6255009307327675 -1.0873511771434163
-0.3790051230100948 -0.6180012158491655 -0.45172809056238605 0.5952481165332904 -0.498240695109789 -0.22756985673710997
-0.6158272047192311 0.15393060655435767 0.49243282699748525 -0.21455677789715033 0.5798947939421445 0.5529226583549789
-1.9162874743444716 -0.6795254782906933 -1.9821882101036814 -2.3954595295562764 -0.4771993634541184 -1.5146448656692104
-0.4091550903059328 1.036473490618206 0.3753640167176537 -0.34477721076796086 0.9386853519300558 -0.25884169275829244
-1.230829007287266 -1.0907925478319829 -0.13534491486049413 -1.1331527190456117 -0.9202483816638362 -0.24389893218647626
0.24856288485625 -0.571106067831786 0.18728632589013877 -1.0078841168389532 0.09848651241327694 -0.38045129366320296
-1.4667113207182012 -0.19048668179730516 3.7647340286028226 -1.4667113207182012 -0.19048668179730516 3.7647340286028226
-0.020470697651920777 -0.15351167463551782 2.342244157512676 0.18684539755743323 -0.14567718146766243 2.869482345048621
-0.7649689625699898 -4.446525071437064 0.35290498403634324 -0.7649689625699898 -4.446525071437064 0.35290498403634324
0.0590770809229455 0.1462116494372992 0.2787463480798924 -0.2519374429388479 0.2818008198768884 0.7661846879608543
-3.4848338385464954 2.4308189084831135 -0.32352190918525964 -3.4848338385464954 2.4308189084831135 -0.32352190918525964
2.3885360960295956 2.0316549063719904 -1.4053452991029793 2.3885360960295956 2.0316549063719904 -1.4053452991029793
2.250987552214954 -1.1716591237768226 1.9134280961210102 2.250987552214954 -1.1716591237768226 1.9134280961210102
-1.134625707278873 -1.679835939192915 -2.7297904007350255 -1.134625707278873 -1.679835939192915 -2.7297904007350255
-0.26440383426548925 -0.4315055140621306 -0.38651320196460426 -0.33847912849516304 0.10314911022494044 -0.15148897559137123
-0.9950070146716895 0.9146738617756823 -1.1180022576227 -0.8690414252888858 1.1567177292481665 -0.8030066350105386
-0.1527390112997484 0.435053702944169 -0.3237841248555945 -0.3151523368947349 1.189479490660557 -0.08584069891394766
-1.6837695825498245 -0.556563065796038 0.19202361336374166 -1.326743701395876 -0.5585035243538583 0.5137054334243915
-0.4143492271644969 -0.043289867295262796 0.31778284026767945 0.3538549330417832 -0.17894192811073825 -0.20893256034069735
1.06427022586811 2.9003737153662055 0.9208938160472572 1.06427022586811 2.9003737153662055 0.9208938160472572
0.021159137098750502 -0.18652415376986026 2.399150020231944 -0.020470697651920777 -0.15351167463551782 2.342244157512676
-1.7899796815301994 0.32107959858845353 0.535922521082023 -1.218099752438872 0.750980114432098 0.04867517264629345
-0.8384948951935248 0.05659238835371881 -1.1953210787608115 -1.045033103425681 -0.23186431284264553 -1.3861397979757408
-0.5054647134535023 0.25239390990309546 4.301712367502383 -0.5054647134535023 0.25239390990309546 4.301712367502383
-0.07488912637685302 -0.6202316631373691 1.157443739455315 -0.5697113547716115 0.001664342473573499 0.8024113911904613
0.42472614055230273 1.1885477905009552 -0.019678306923193778 0.8104974672986488 1.3390140119513374 0.5863053549134748
-0.5458110365180792 -0.17638202805096376 0.6051889075183428 -0.3150544290457664 0.2654938390420153 0.7954252235165182
0.9855913645648082 -0.9063087129214379 0.324179112640492 1.0834115910476467 -0.8589104479673288 0.759562425463629
-1.052593450657209 0.3502587210424727 -1.009751412697639 -0.8605717056481214 -0.01780083492636919 -0.9472259483639429
-2.5514528265221452 -3.71805459634463 -0.4305442215932565 -2.5514528265221452 -3.71805459634463 -0.4305442215932565
0.2650461117820529 -0.337578706619665 -0.643147863607686 0.08575778380080953 0.18885299447716464 -0.5519596405482482
0.3509148974912068 -0.16775000598985265 0.46450417994034726 0.6859898137279039 -0.2832758163205725 0.7297718000587547
-2.9886308451713597 2.970143627600038 0.6293446355764449 -2.9886308451713597 2.970143627600038 0.6293446355764449
-0.7053588817713863 -0.8366730863348173 0.7644257853471919 -1.021514755343969 -1.091454846172561 0.277166160416334
-0.16849098077843666 -0.6039349545310659 -0.9223046720975809 -0.11544274207790271 -0.6353408539748019 -0.5773832703225708
0.5950667952950804 0.9237966013419867 0.12717555222999885 1.0806152883620763 0.5649331149839107 -0.3353218589818093
-0.8491181921478067 2.6009139800107373 -0.9690291493564196 -0.8491181921478067 2.6009139800107373 -0.9690291493564196
-0.42390474192048233 1.4983000644392495 -0.9007501946316985 -0.11513248814867333 1.736844849910155 -0.8825117983126554
0.4938808741645104 -1.2463148691788215 -0.2951943441637464 0.6656727945463558 -1.0668507914446699 -0.6681585140433396
0.5047702227434323 -0.5288646058127148 0.5778427761042729 -0.409627272027098 -0.08176782997234183 -0.34816189805136677
-0.29216506745680093 0.3613761380859914 -0.6042416268983414 -0.26211335485370585 0.5553587302283771 -0.9342573423479685
-1.9107214582247694 -3.979893708685649 2.4376054031238974 -1.9107214582247694 -3.979893708685649 2.4376054031238974
-1.1758672940455628 1.1293089294497902 0.2239340197652224 -1.2976594252348783 1.6174642038557734 -0.8064912322276859
1.9155517470193026 -0.7873079053353039 -0.5977132279814209 1.9155517470193026 -0.7873079053353039 -0.5977132279814209
-0.05182129022221521 0.23772384709387734 0.3875224760159493 -0.4174538462380187 -0.02223326413783408 0.8317241513169817
-0.49007008601687674 -0.11943179460750442 0.29282599411527965 -0.3298299862850808 -0.010167770047481747 0.3681174097033234
0.39964435855026104 0.1980528384599076 0.7491564415353471 0.07486568106778121 -0.1811842475852208 0.058626557897187404
1.6124606834332227 1.2259392979635146 0.20162911949302462 1.6953256578204365 1.4047054711844127 -0.20391898573698022
4.8948467289562805 -0.18489087641489269 -3.167422855672709 4.8948467289562805 -0.18489087641489269 -3.167422855672709
0.7634683224560384 -0.8740639659861531 -0.4935685801453239 0.4938808741645104 -1.2463148691788215 -0.2951943441637464
-0.012449180936568771 -0.3228781877487044 -0.39308753616995673 -0.06448781849360408 0.16137981885514008 -0.9186912685765183
2.4480903410874677 5.824690746001584 0.3556414385139025 2.4480903410874677 5.824690746001584 0.3556414385139025
-0.3298299862850808 -0.010167770047481747 0.3681174097033234 -0.4273396421727439 -0.7797974794644856 0.14895788468666946
-0.5336631259521465 0.3759540869439686 1.2156607244261997 -0.3019996174835343 -0.40370610645780625 0.6521070178356464
1.2055406326496654 -1.3456096098131407 2.2532568630616137 0.5637263586139462 -1.3431973518503146 2.1162628649421777
0.7461756593780355 3.4030704623561427 2.126261313287668 0.7461756593780355 3.4030704623561427 2.126261313287668
-0.6140495661490498 -0.700482638077691 0.08024803418759721 -0.46083252676092507 -0.2894023802312777 0.02397554735217268
2.996113295862145 -0.04756095430847012 -3.5133171831062837 2.996113295862145 -0.04756095430847012 -3.5133171831062837
1.1926561385487024 -0.227855894050607 -3.3663194353191512 1.1926561385487024 -0.227855894050607 -3.3663194353191512
-0.33847912849516304 0.10314911022494044 -0.15148897559137123 -0.28978287905279687 0.830054901874244 -0.4560414367424808
-0.5374904087508011 0.504676781758641 2.033377220116518 -0.5374904087508011 0.504676781758641 2.033377220116518
0.03189641095888851 0.3030373853577868 1.081815051558647 -0.379186412862797 -0.09521066299673545 1.1508403539409913
-0.09671653683959944 -0.17258035375670097 -0.31007460478965565 -0.26440383426548925 -0.4315055140621306 -0.38651320196460426
-0.4056324968437449 -0.2614417611905172 -0.6643170240717893 -0.068758206217366 -0.465097192001908 -0.703699509950219
0.08607362277438158 1.213194895884765 -0.9483355460638404 0.16263506637941644 0.07172311578435986 -0.6658181443348686
2.8121323613096183 1.8231633641443796 2.2222608857548085 2.8121323613096183 1.8231633641443796 2.2222608857548085
0.4782457704715743 0.059189546229729426 0.0632792029291401 0.5755371383654868 0.4015649135329657 0.28282199781795786
1.8262122972744186 -3.1095757894104343 -3.4453338121283332 1.8262122972744186 -3.1095757894104343 -3.4453338121283332
-0.18178473710321058 2.19381334986514 -0.15099847281421588 -0.18178473710321058 2.19381334986514 -0.15099847281421588
0.4386895164524356 0.47853550884663615 0.06139703929233031 0.264896656264998 0.07737816034150313 -0.029888286614712586
-1.7454353670447589 1.310268966816551 4.728010943629443 -1.7454353670447589 1.310268966816551 4.728010943629443
3.237778917866005 -1.7535475081360796 -2.496355543019897 3.237778917866005 -1.7535475081360796 -2.496355543019897
0.45373830269568977 -0.4034015034903065 -0.9901219442125954 -0.19788149324168036 0.25983521533125353 -0.24266205909625338
0.7666042659901805 0.42119334450076423 0.3421443667779779 0.6265397111605493 0.4518752401822941 0.5892531138068628
0.4185191670239737 1.1682135999010033 0.5370845356092419 0.9458864216969147 1.2874273344750227 0.7869355245577788
-0.1605966980976239 0.26656589399225267 -1.24673619120976 -0.16979775495207106 0.3360274577433263 -1.1144211333082115
-0.6371373194141552 -0.4700644408118374 -0.08594795436417199 -0.6140495661490498 -0.700482638077691 0.08024803418759721
-1.5891970280810468 0.4401270435392221 3.137882627149371 -1.5891970280810468 0.4401270435392221 3.137882627149371
-0.4273396421727439 -0.7797974794644856 0.14895788468666946 0.24856288485625 -0.571106067831786 0.18728632589013877
-1.9318027934481503 -0.40684632705239215 -1.76230274493985 -1.9318027934481503 -0.40684632705239215 -1.76230274493985
2.55062282421651 -1.009304881193505 0.7444778425038505 2.55062282421651 -1.009304881193505 0.7444778425038505
-0.27094723628558104 0.15681528936305536 -0.697931199564733 -0.9069776399403257 -0.3772000687650973 -0.31121917039915403
0.28685835046697167 -0.058144994207569634 -0.7946679094386494 -0.4163179220839155 -0.7425571904983778 -0.3804390602127704
-0.545402117844745 -2.704207964789526 -3.087230622288255 -0.545402117844745 -2.704207964789526 -3.087230622288255
-1.052597925821845 -1.3419130607478484 -1.0855215555617423 -1.052597925821845 -1.3419130607478484 -1.0855215555617423
-0.6893319944947051 0.3534626916051736 3.3182444035274736 -0.6893319944947051 0.3534626916051736 3.3182444035274736
0.7826463749349837 0.19027146694627184 -1.3734836992351902 0.28685835046697167 -0.058144994207569634 -0.7946679094386494
1.6851606351607304 0.47881603788645877 1.0887366930400462 1.4563822821024235 1.023236294047165 0.8855904532781081
-1.7466946265445116 -0.7400673889463542 -0.4517938166590433 -0.8955185154177266 -0.1358616021511219 -0.6932638883561064
-1.1331527190456117 -0.9202483816638362 -0.24389893218647626 -1.0785229642325336 -1.1917625783965642 0.33974953333288516
-0.23010951211389713 0.06776045912757811 -1.0642211739671945 -0.8384948951935248 0.05659238835371881 -1.1953210787608115
0.9231789532568044 0.8005206089220853 -2.125438896676959 0.9231789532568044 0.8005206089220853 -2.125438896676959
0.116728226893478 -0.4209316449530639 0.09132760723543142 0.033169147316041134 0.21671423919670146 -0.016657332581230783
0.6108298118468308 1.251588377770537 0.1211785352118907 0.4964833221149203 1.1751551021903877 -0.3549487886344355
-0.5697113547716115 0.001664342473573499 0.8024113911904613 -0.2182617106956016 0.19800992835938708 -0.13064525627634516
0.5561696804373191 -0.17422361585108842 -0.35626574479999806 0.6728365185674746 0.26993315672877116 -0.1888577509225869
0.025021626144944915 -0.961887986525089 -0.8994831195628596 0.32715070719293354 -0.6481880570129732 -0.21525245515379426
0.30955344618581165 0.5279973775502692 1.2462498829144848 0.3495440979048893 0.50312865984352 0.6217662267902944
0.4576069004570393 0.6921162834298278 -0.2994948141836139 0.5079869397484659 0.7706365233114467 -0.020039605020962997
0.6265397111605493 0.4518752401822941 0.5892531138068628 0.0590770809229455 0.1462116494372992 0.2787463480798924
-0.824916639757456 -0.0012574715007876572 1.6813367586139796 -0.824916639757456 -0.0012574715007876572 1.6813367586139796
-4.152453442636412 -2.864449656528566 3.257371214323988 -4.152453442636412 -2.864449656528566 3.257371214323988
0.3233319939327217 0.07145334891182553 -0.7436381373308532 1.2492582236772616 0.5984716815291525 -0.1617112194431336
-2.1651556172408206 1.1138632786948857 1.6101453624167272 -2.1651556172408206 1.1138632786948857 1.6101453624167272
-1.2063509695423384 -0.745675411562458 6.124397615851191 -1.2063509695423384 -0.745675411562458 6.124397615851191
-0.5229224727709157 1.9802095968973443 0.11117508732383785 -0.5229224727709157 1.9802095968973443 0.11117508732383785
-0.30385199658140327 0.45212382954827307 0.6727884876951222 0.39964435855026104 0.1980528384599076 0.7491564415353471
1.0776478375147538 -0.6634120404497422 0.8518750829515422 1.0868463235221384 -0.4622259838240497 0.42942300209025597
0.7997849610937748 -0.10667182286854829 1.1632869215123636 0.9275794981883634 0.288618781225075 1.4305378248910396
-1.3164651672759957 0.8693700759407756 -0.6352026703756104 -1.4204014403597311 0.3299477126127946 -1.357631304470107
-3.0016784094463875 -3.201452332721148 1.6986742685238794 -3.0016784094463875 -3.201452332721148 1.6986742685238794
-1.2586993602879741 0.6467086805273718 0.070165783672544 -1.4709168720051988 0.6134528400415715 0.21746736178547385
-0.8084512671094761 -0.8573308101234869 -0.336310972000499 -1.109590201504174 -1.4167108148715162 -0.05418932177174915
-0.05423410251189607 -1.6201882887250068 -0.36119522869078163 -0.1664192366942107 -1.7083076891342017 -0.567390706603688
-0.21455677789715033 0.5798947939421445 0.5529226583549789 0.12449112351200062 -0.3076564090660324 0.36038821880715044
3.4232543461873344 -1.889007926601028 -1.0062257196424123 3.4232543461873344 -1.889007926601028 -1.0062257196424123
-0.4135770804395473 -0.02449318006776017 -2.3938692385560123 -0.4135770804395473 -0.02449318006776017 -2.3938692385560123
0.16738855535464903 -0.4539976186987219 0.8618095672692588 -0.6023535471443977 -0.0440215049024103 0.052273041304809253
0.05693985676735337 -0.3478374385332327 -0.05032396404320835 0.3807915467473207 0.24566940585873664 -0.009301398771580906
0.2964093357534605 0.2369404532118165 0.9686317655765238 0.05575928950496373 0.2907321989007036 0.10316672691851425
-0.2577553101769511 -0.027729712275076382 0.29159648366320684 0.0541056177830557 0.327724431904237 0.8299760995454045
-0.5651167559133847 -0.5273773608252337 -0.958921493448899 -0.5651167559133847 -0.5273773608252337 -0.958921493448899
-2.4204158872517603 0.4511605168234648 3.112020132538925 -2.4204158872517603 0.4511605168234648 3.112020132538925
-0.2519374429388479 0.2818008198768884 0.7661846879608543 -0.5336631259521465 0.3759540869439686 1.2156607244261997
-1.2570997155018744 0.5631421289267221 0.6587919113860343 -1.2570997155018744 0.5631421289267221 0.6587919113860343
-2.6359865218483085 0.5374345108787455 2.230060989622226 -2.6359865218483085 0.5374345108787455 2.230060989622226
0.4503765168554951 2.1740487307258456 -0.692711881365071 0.6191098248923367 1.7421116944453343 -0.030991613870058332
-0.7759032673286892 -0.873161228728611 -0.8416728020552771 -0.8084512671094761 -0.8573308101234869 -0.336310972000499
0.7079138282743106 -2.1148723301834518 1.2758381717616776 0.7079138282743106 -2.1148723301834518 1.2758381717616776
-0.06448781849360408 0.16137981885514008 -0.9186912685765183 0.6955212217775281 0.0015905092667835592 -0.5332226326889166
-0.17909350739809515 0.2269542556719817 0.4291043449447012 -0.049494996061895016 -0.018746049728674385 0.4752726028020297
-2.136997939315174 -2.8271326338461384 3.1997617729486705 -2.136997939315174 -2.8271326338461384 3.1997617729486705
0.9275794981883634 0.288618781225075 1.4305378248910396 0.3061166615088057 0.16269814994397575 1.1309874422219959
2.216832974311395 2.8271175889567224 1.1644548009454636 2.216832974311395 2.8271175889567224 1.1644548009454636
0.8467534314120978 -1.1764307163642198 0.6783414426167444 0.23042918714053667 -1.9431733764460475 -0.13998034936464687
-1.0615932385214837 0.2582767112878543 0.3082388298460035 -1.0615932385214837 0.2582767112878543 0.3082388298460035
-0.18257606042395558 -0.18336580507239902 -1.23629363008297 -0.3398757957017906 -1.164817096375113 -1.7256142728564712
0.4817909436302857 0.1934211936389695 0.2892749293501771 0.4817909436302857 0.1934211936389695 0.2892749293501771
0.4609894274797692 -0.4242154491757165 -0.7734160566680099 0.8767441145314954 -0.07021127945341715 -0.5648046391427817
-0.5446955521859247 -0.6348322728025301 0.317228848771003 -0.4143492271644969 -0.043289867295262796 0.31778284026767945
0.6190260886954381 -0.33033893628947847 0.21234350048045209 0.3242294358474783 -0.38782483450601807 0.06895137484653521
-3.586059336386351 -0.8767604218202837 -1.8109863612193942 -3.586059336386351 -0.8767604218202837 -1.8109863612193942
0.4964833221149203 1.1751551021903877 -0.3549487886344355 0.7569549022130617 1.9689881854603646 0.42068355258126733
0.7137980528749392 -0.7708645210077405 -1.4142360280166077 0.9798438217728541 -0.39463718283573984 -1.3636310044308295
0.41270234406232364 -0.4080196868130026 -1.5162879936674887 -0.18257606042395558 -0.18336580507239902 -1.23629363008297
-3.527455126521007 -2.650182757909546 2.044633149833035 -3.527455126521007 -2.650182757909546 2.044633149833035
0.23362002411281707 -0.4347441380886802 -1.4357632319745037 0.7137980528749392 -0.7708645210077405 -1.4142360280166077
1.0806152883620763 0.5649331149839107 -0.3353218589818093 0.8650622055746305 0.43173084681986906 0.09273142586400257
0.010362820425056573 0.9871692808761826 -4.363017341375639 0.010362820425056573 0.9871692808761826 -4.363017341375639
-0.8384008771191316 0.8806396440946289 0.46773132961190456 -0.6103890507363394 0.4765730840798601 -0.2673831911787244
-1.4204014403597311 0.3299477126127946 -1.357631304470107 -1.052593450657209 0.3502587210424727 -1.009751412697639
0.028734668472265773 -0.8653863637947272 -0.6600236152032611 -0.4141486370790113 -0.6170691012937977 -0.8717829573674256
0.6844173187627864 -0.588969080402513 0.023211872112217535 0.116728226893478 -0.4209316449530639 0.09132760723543142
-0.409627272027098 -0.08176782997234183 -0.34816189805136677 -0.012449180936568771 -0.3228781877487044 -0.39308753616995673
1.4925221874799488 1.6730047843467137 1.2832865881781172 1.8193857384577314 1.876099981358363 1.5810074960229694
-0.01642841221986624 -0.6048238381702534 -0.6396083897552254 -0.04055055893182695 -0.2661833570267643 -0.011482253919753327
2.1417798701492905 1.5421789355337145 -3.0813446551330923 2.1417798701492905 1.5421789355337145 -3.0813446551330923
-0.38861671072486104 0.6255009307327675 -1.0873511771434163 -0.1638488292056842 0.9198794219612938 0.03089580014735005
0.00787152860209489 0.9891469819176033 0.9111944184506598 -0.07488912637685302 -0.6202316631373691 1.157443739455315
0.033169147316041134 0.21671423919670146 -0.016657332581230783 0.23017405951840325 0.21357415548463718 0.17958874662393262
-0.058369837819544024 0.40034049001690125 0.5636737608873881 -0.009925526569325854 0.5070148735086255 1.4587080465372515
-0.30104522195780054 -0.6454719908236374 4.200625834000081 -0.30104522195780054 -0.6454719908236374 4.200625834000081
-0.9176730893149319 0.26734289142818746 -3.512899582098245 -0.9176730893149319 0.26734289142818746 -3.512899582098245
-2.5997137353901425 0.4862423632922595 0.9842293000274148 -2.5997137353901425 0.4862423632922595 0.9842293000274148
-0.14022474701103205 1.0307857608946696 -0.15374959959737625 0.4576069004570393 0.6921162834298278 -0.2994948141836139
0.33780820335396045 0.7433594454001073 -1.8543756256440629 0.5414419945941404 -0.5131352195270568 -1.3154834225334382
-0.2945228190308606 -0.560845829492822 -0.4142563941412889 0.025021626144944915 -0.961887986525089 -0.8994831195628596
-1.2914941261082185 -1.2831452166298745 -0.026461515838936592 -1.230829007287266 -1.0907925478319829 -0.13534491486049413
-2.3954595295562764 -0.4771993634541184 -1.5146448656692104 -1.9162874743444716 -0.6795254782906933 -1.9821882101036814
1.4563822821024235 1.023236294047165 0.8855904532781081 1.7084990075925588 0.6522763352206874 0.2918575344218101
-0.05721781759352179 0.5011176300287211 0.34311441681059385 0.2700145332805188 0.8051028834328653 -0.07793830132405416
0.2895224947498772 0.6060607809499143 1.2060150611592473 0.8173998789852928 0.2150976346491787 1.3659411939278736
0.39171199672243845 0.9270231968833917 -0.981192777030843 0.39171199672243845 0.9270231968833917 -0.981192777030843
-0.068758206217366 -0.465097192001908 -0.703699509950219 0.028734668472265773 -0.8653863637947272 -0.6600236152032611
0.16303324156727622 -0.858157887529036 0.46476997333027303 -0.16849098077843666 -0.6039349545310659 -0.9223046720975809
-0.4729746489922907 1.0337173636279173 0.12904960263834472 -0.17909350739809515 0.2269542556719817 0.4291043449447012
-0.5570728640407886 -0.5505998297515251 -0.7805405130408111 -0.4064724886723064 -0.45028829701585316 -0.8172113486702827
-0.237545642147504 0.780410980832014 0.32152733040659115 -0.2641967203195612 1.11933458014844 0.16397777804796654
-0.1664192366942107 -1.7083076891342017 -0.567390706603688 0.3466895870774338 -1.3283384134252243 -0.1100453219931139
2.1956785189266386 -1.7784740575269775 0.4609592997511422 2.1956785189266386 -1.7784740575269775 0.4609592997511422
-0.5474004980880303 -0.3496887117645857 -0.05148398035713124 -0.4329939286253536 -0.04492223342807425 0.14784365363444124
-0.6506728915350238 0.35865720308282956 -0.5844920226653055 0.046369736585196386 0.1472257286021374 -0.8892787894082346
0.3211565794443524 0.3853385313523818 -0.03297596363624029 0.5922833164151408 -0.29442350180286675 -0.9198630669263073
0.499560537668549 -1.3794676486131474 -1.5938191835415902 0.499560537668549 -1.3794676486131474 -1.5938191835415902
0.6894713423026987 0.48188921727269973 -0.0697640882809884 0.07458570052253805 -0.19264748028978063 -1.1604842811018412
-1.045033103425681 -0.23186431284264553 -1.3861397979757408 -0.4056324968437449 -0.2614417611905172 -0.6643170240717893
0.4178475070799977 -0.006670519061105912 -0.4590121145038426 0.18180638570306493 0.3394305373307854 -0.6667811852807641
-1.0762912343839528 0.9602007120003057 0.4475193314420131 -1.0762912343839528 0.9602007120003057 0.4475193314420131
0.6191098248923367 1.7421116944453343 -0.030991613870058332 0.4503765168554951 2.1740487307258456 -0.692711881365071
-0.6089260183803886 -0.46516438944569727 0.14324591949223137 -0.5557948275151524 -0.19745269256870113 0.51458015750955
-0.12195962871137495 -0.4230035669658158 0.3272751533354442 -0.04645950670240004 -0.8806867839409738 -0.2209891981191368
-2.184406437740386 -0.23407493133329782 1.034008338747863 -2.184406437740386 -0.23407493133329782 1.034008338747863
1.2783297831883529 -0.08866207975077577 0.6456076378376966 1.2783297831883529 -0.08866207975077577 0.6456076378376966
0.05931276160085758 -1.3904434524281972 -2.3520214411664933 0.22325528189685348 -1.6251788220554788 -1.8158018569399714
0.6728365185674746 0.26993315672877116 -0.1888577509225869 0.03189641095888851 0.3030373853577868 1.081815051558647
2.4818493114639884 0.8289055602690123 -1.0730997367838606 2.4818493114639884 0.8289055602690123 -1.0730997367838606
-0.778934833813211 3.095136607179319 3.209759509617657 -0.778934833813211 3.095136607179319 3.209759509617657
-4.1129195127516835 0.4309069539103226 -0.44939412864959216 -4.1129195127516835 0.4309069539103226 -0.44939412864959216
0.24830760395420737 -0.23135591547381185 -0.33817805848055826 0.18593711428846404 0.5771205039058982 0.36085955103457656
0.3497578597740554 -0.17844142722549222 -0.47905385492503505 -0.30798230676032123 -0.08370763070916216 -0.38049933682863557
-0.14145987986926917 0.4712497950534934 0.2658229227028485 0.13214405276655733 0.8598494708948958 0.046080454496928824
1.91366742620751 1.1431117991996882 1.7850614641116984 1.91366742620751 1.1431117991996882 1.7850614641116984
0.979779018394069 -0.8345821043210736 -1.8680652135640896 0.979779018394069 -0.8345821043210736 -1.8680652135640896
0.5637263586139462 -1.3431973518503146 2.1162628649421777 1.2055406326496654 -1.3456096098131407 2.2532568630616137
0.20553846649204122 -0.9254017801926759 -0.8162529067373201 -0.5570728640407886 -0.5505998297515251 -0.7805405130408111
-0.41143219512580453 -0.5047357868644393 0.05851156180676494 -0.49007008601687674 -0.11943179460750442 0.29282599411527965
-0.4174538462380187 -0.02223326413783408 0.8317241513169817 -0.6695156580190187 0.8042112784848905 0.5669665402073368
0.3541305546493084 0.5818996271918582 -0.7493707720102704 0.24237998373376457 -0.15215809678792408 -0.4219758605561993
0.20960627953028788 -0.11827712951211738 0.8176951523814734 0.6844173187627864 -0.588969080402513 0.023211872112217535
-0.11513248814867333 1.736844849910155 -0.8825117983126554 -0.42390474192048233 1.4983000644392495 -0.9007501946316985
0.866979574194753 -1.1091403218286853 0.2610825983481268 0.9855913645648082 -0.9063087129214379 0.324179112640492
0.7680331929847216 2.60900663282194 0.2081355051835688 0.7680331929847216 2.60900663282194 0.2081355051835688
