0.0893099599622 0.448937922693 0.889088562866
-0.697433035206 -0.56139742439 -0.445443703841
-0.762257171449 0.450381583103 0.464887550033
0.822892569152 0.0787624571713 -0.56271155575
0.816687618945 -0.559033872561 0.143186809415
-0.0240600007854 -0.997536480982 0.0658945025904
0.0868174130566 0.650045871257 -0.754919268566
0.181267628328 -0.497114261259 0.848539603185
0.863631450209 0.370435227172 0.341933415565
-0.785813851119 0.385080860051 -0.483951777156
-0.705456184495 -0.498498474851 0.503816278349
-0.0587451243482 0.990875938448 0.121300803668
0.194967517811 -0.604517134575 -0.772364357673
