-0.799316791157 -0.0807282183243 -0.595462527907
-0.637440768174 -0.0176178741803 0.770297914822
-0.225367564107 0.681036843083 -0.696705303132
0.757387463095 0.265989615321 0.596333593963
0.0668833041715 -0.180805471469 -0.981242072636
0.489744122779 0.866784411901 -0.0939972206394
-0.0668735904874 0.739658415626 0.669651663993
0.852465567332 0.0917889272687 -0.514662267263
0.798533999491 -0.580473647523 0.159354310226
-0.792705639646 0.606026577773 0.0659511630338
0.0896993158051 -0.920580408016 -0.380112805784
-0.696756971609 -0.707980329411 0.115297769626
0.0374828884042 -0.689492329349 0.723322445971
