-0.794476927731 0.60637021535 -0.0334898975646
0.00120203914965 -0.668997899134 -0.743263322152
0.0890227891724 -0.984478838516 0.151249328996
-0.227554632921 0.558291403317 -0.797828050409
0.162655288796 -0.401755107801 0.901185935522
-0.796118128203 -0.174155962646 -0.579539150206
0.875494536281 0.483088393832 0.0116155364362
-0.763920562723 -0.580780146366 0.281282412241
0.320958219269 0.530319852912 0.784695275308
0.862176136315 -0.437784521682 0.254945136341
0.593272967536 0.0749466738559 -0.801504948249
-0.5711627777 0.196607776821 0.796943199647
0.0738339937641 0.997238739422 -0.00796479514503
