-0.367038110117 0.923536832212 -0.111187882748
-0.478246432865 -0.681133719442 -0.554380019203
0.17574120841 -0.982127503433 0.0673839347873
0.445147758399 -0.527511740255 -0.723584713137
-0.944027409467 0.244383704652 0.221560048466
0.815212767928 -0.381765779284 0.435526156246
0.201998955442 0.577980986077 -0.790654413593
-0.659212669025 -0.649478981167 0.378966634441
-0.247083753411 0.587468656149 0.770603787197
0.0193681447629 -0.307650441723 0.951302307722
0.509450022117 0.824864677558 0.24506925283
-0.680971944308 0.237936823692 -0.692577272943
0.929212521848 0.184967036527 -0.319923873194
