0.576957692334 0.682812441042 0.448204185182
-0.374291682567 0.342798207243 -0.861623540458
-0.00693822770794 0.969201648422 -0.246170724685
0.956568067339 -0.164521034145 0.240645718579
0.765184187889 0.45450232861 -0.455983324139
-0.401880546143 -0.742197058005 -0.536316654338
-0.156532165604 -0.815276663163 0.557513805778
0.319874599002 -0.0877809904035 0.943384724615
-0.909835943067 -0.374343754033 0.179067893604
0.463231976257 -0.87128349023 -0.162114822965
-0.836719210646 0.544850952565 -0.0551217019408
0.346229473904 -0.277496494555 -0.896170099317
-0.322022110542 0.58550292073 0.743967801816
