0.748890639806 -0.662094612327 0.0281697344549
0.191553684862 0.829884027107 0.524022601964
-0.876868231476 -0.381011495375 0.293142192493
0.836427978732 0.0953723534198 -0.539715064268
-0.130552884064 -0.965896425841 0.223606884978
-0.645835864636 0.759339284352 0.0793718286905
0.285017541436 0.860819742482 -0.421609264637
-0.83622497745 0.067395854914 -0.544229350393
0.320966037349 -0.413527194407 0.852042289065
0.892927124145 0.199413987158 0.403627566814
0.105892143925 -0.73639854297 -0.668209577728
0.000115364670858 0.152573074614 -0.988292185335
-0.410637908839 0.192384426098 0.89127141793
