-0.706860076515 0.460168236248 -0.537209481094
0.848475998386 -0.264914079074 0.458158281461
-0.874130803375 0.290698555988 0.389088278078
0.0791448965629 -0.823627017606 0.561582247955
0.271527403591 -0.887158241493 -0.37312614978
0.476583435935 0.595903656816 0.64634902366
0.590257740673 0.753262759882 -0.290156878517
-0.762582188162 -0.628946076857 0.151311726919
-0.490846138509 -0.447477677639 -0.747551868652
-0.185633594332 -0.00670191066705 0.98259618005
-0.242339110083 0.961158185774 0.132085947945
0.859868073418 -0.142272590669 -0.490291144383
0.125736775021 0.2522728028 -0.959452289786
