-0.0120302946747 0.58692502148 -0.809551907644
-0.612640841251 0.784097078925 -0.09931248891
0.810059908498 0.473803750489 -0.345417067712
0.909336232637 -0.104555198834 0.40271059883
0.490489909534 -0.282936987116 -0.824236804545
0.150401585121 -0.271466272395 0.950623703757
-0.3536603347 -0.850398972313 0.389545832411
0.249911277895 0.928788135972 0.273673074412
-0.415363055721 0.47275792076 0.777157307307
-0.954915613919 -0.123603007329 0.269923075843
-0.269868633817 -0.786564268563 -0.555416575105
-0.760280133111 0.0226024480694 -0.649202009037
0.513183454386 -0.858025904455 -0.0208396119949
