0.531841147164 0.846810883286 -0.00750480716421
-0.693588840563 0.440143425781 -0.57027036131
0.480500992584 0.346161750797 0.805785851458
-0.448712239856 -0.881228654923 -0.148638432264
-0.396349667261 0.891666612694 0.218718067539
0.928205361312 0.054577225956 -0.368043657245
-0.248599486751 -0.33595369637 -0.908478623349
-0.461288519075 0.190986715213 0.866450793053
0.77671774086 -0.474561150803 0.414127112347
0.222222988046 0.493781755812 -0.840711913327
-0.981124966195 -0.138889010899 0.134549780233
-0.10427422924 -0.684393855586 0.721617582625
0.457382881062 -0.775158206518 -0.435810342902
