-0.204438974336 -0.27432268223 -0.939655134497
-0.0994555588673 -0.955760554344 -0.276821882389
-0.876115001422 -0.481769820418 0.0178981680154
-0.0478863244484 0.90075074272 -0.431688544462
0.824405847674 -0.149613383434 0.545867047749
0.572095920567 0.260042925386 -0.777871412656
0.768178584084 -0.555491304889 -0.318325420202
0.735201198452 0.674372314971 0.0685651412529
0.194411948011 0.507349590176 0.839523905448
-0.806482942344 0.321851190265 -0.495980922045
-0.588675608544 0.733727972566 0.33927023179
0.0965025739142 -0.762938419092 0.639227832546
-0.554172984698 -0.0878051833639 0.827757544699
