0.593692742241 0.798583756573 0.0989591408024
0.840294705631 0.126640977368 -0.527130790733
0.122715885632 -0.351477896456 -0.928118580633
-0.618849371162 -0.770565639319 0.15249279102
-0.234838604964 0.790516791587 0.565627113775
0.876678538575 -0.404029479605 0.261141570055
-0.762955087371 -0.218621733549 -0.608361793898
-0.637984757298 -0.0464809318692 0.768644893581
0.47627343219 0.226610531503 0.849594776821
0.246884658633 -0.948510730883 -0.198432252244
0.0576378323653 0.589330029149 -0.805833727901
0.102476936142 -0.643079670762 0.758911730448
-0.709323452965 0.659793428808 -0.248058199574
