-0.411295861852 -0.696976400247 -0.58741774873
-0.74349212465 0.359750593447 -0.563736615005
-0.949575628487 -0.300515740335 0.0894226794123
0.0374115917039 0.0341419818443 -0.998716525287
0.0682467333797 0.85359549588 -0.51644662144
0.865512185021 0.236089529067 0.441758295729
0.615432088546 -0.68071225762 0.397333822766
0.171824015773 0.886984178607 0.428643878417
0.818471624735 0.268678463838 -0.507854391114
0.537545757464 -0.639259757457 -0.549901374001
-0.29725360366 -0.684441308818 0.665717950708
0.0907718413485 0.122015048875 0.988368757431
-0.727353334503 0.583831377726 0.360691071653
