-0.894723624891 -0.409396409296 -0.178505504445
-0.768425710955 0.0621253578961 0.636916294853
0.545254673157 0.834258120073 0.0819190484114
0.014959670392 0.566683035136 0.823800064306
-0.626343813541 0.336019793993 -0.703408931763
0.980265485839 -0.00273939930983 0.197666570175
0.501720582936 -0.85861527908 0.105148747915
0.298124712176 0.539805304352 -0.78723051858
-0.355563579795 -0.784196570686 0.508537392182
0.382987512061 -0.30827028166 0.870798483606
0.68994624059 -0.315336458021 -0.651565118264
-0.548348529985 0.829637242747 0.104956824983
-0.132132765253 -0.789339847983 -0.599569459473
