-0.731335627881 -0.662787233388 -0.160814435453
-0.0327445112998 0.382032769982 0.923568492121
0.0110001957621 0.982682896988 0.184968428823
0.63114074533 -0.27258483669 0.726194785434
0.916333804632 -0.358124100443 -0.1791074738
-0.150094833492 -0.799052403294 0.582225727488
0.169900614088 -0.937150397047 -0.304766984181
-0.586219954169 0.0197365151549 -0.809911498439
0.145946860839 0.687731084827 -0.711143775037
-0.812832755124 0.578081391983 -0.0715878232668
0.328649660139 -0.224583704968 -0.917361194052
-0.79246566538 -0.0953647406615 0.602414919662
0.835438417292 0.505609422723 0.215410683502
