-0.0223901801272 0.055005755534 0.998234965673
0.390048178738 -0.701722039495 0.59619510024
-0.89737912573 0.44113315854 -0.0105943919325
0.289496727434 -0.898985521256 -0.328658907345
0.373360576489 -0.154733079412 -0.914690960959
0.957487402226 -0.285212049685 -0.0432661679926
-0.773120162852 -0.317716684703 0.548945645808
-0.640710370241 -0.702076390564 -0.310771561244
-0.188030508627 0.846598108955 0.497911809198
-0.175317296084 0.874316081183 -0.452587268799
-0.543392671079 0.0852934850255 -0.835134376271
0.72393563696 0.42747661146 0.541461854792
0.722237145933 0.564531547248 -0.399596843325
