0.242840252321 0.572186462321 -0.783346196895
0.289359237034 -0.0454079783997 0.956142953455
-0.277571224546 0.66968972987 0.688817741504
0.424161338305 0.901077093831 0.0902620078489
-0.954785959255 0.175723113786 0.239802333791
0.786644047303 -0.183426190164 -0.589530300836
-0.473191126394 0.85208265986 -0.223708065719
-0.586082680835 0.106643592508 -0.803202487174
-0.745261216702 -0.628799252265 -0.2218044617
0.946892391309 0.132974481765 0.292767119876
0.139739898607 -0.870416231156 -0.47206815745
0.568907451726 -0.73653798584 0.365863508408
-0.434570609697 -0.59480700475 0.676278797751
