0.248163456362 -0.892650120284 0.376285346093
0.449776648155 0.119123971554 -0.885161254335
-0.674487978494 -0.68764608205 0.268717012317
0.30931225191 -0.765342892769 -0.564425537433
0.298621149147 0.888966603736 -0.347222963992
-0.59072274568 0.0961998258564 0.80111936142
0.323553350989 -0.128276871911 0.937474412022
0.93784795857 -0.346762491633 0.0140349921062
-0.432192677646 0.863137322081 0.261157907443
-0.591143341726 -0.47202432172 -0.654020327848
-0.985177243543 0.159885081775 -0.0621494926094
0.766750202802 0.510437133868 0.389291740051
-0.43249269211 0.457842487249 -0.776743412036
