0.285747554257 0.940143713226 -0.185682884825
-0.843627008848 0.211548318956 -0.493498509308
-0.569765881289 0.794632798387 0.20958424618
0.0404576677522 -0.954797510176 0.294490902544
0.567086615581 -0.687185583664 -0.454080107506
-0.29668911882 -0.501352098496 -0.812786343456
0.195143148272 -0.272280508668 0.942222094987
-0.691881446783 -0.000237800262298 0.722011085129
-0.794791288016 -0.606847918871 -0.00651243852351
0.832685431867 0.22724329228 -0.504970749321
0.222190638059 0.655147528016 0.7220893552
0.915203260039 -0.248152426397 0.317526953324
-0.0100318263023 0.40230745334 -0.915449657517
