0.183731562065 -0.695913481129 -0.694224127991
0.442938233984 0.562505362303 0.698135687567
-0.492280427862 0.674497837264 0.550193282284
0.514586401951 0.830270094768 -0.214131746036
-0.422469909801 0.818294770003 -0.389759983451
-0.570028922086 -0.812500130119 -0.122108830729
0.311905503303 -0.923641509316 0.222713536361
0.822716266671 0.000465101534317 -0.568452045677
-0.964317641092 0.0444188935445 -0.260995112932
-0.0154145409196 0.191167792637 -0.981436328544
-0.745029013101 -0.242065437508 0.621559404725
0.151742198027 -0.313275151257 0.937460924488
0.912076267255 -0.195682242626 0.360312839948
