-0.693114606896 -0.449732215375 0.563323243051
0.906726444477 -0.311246957829 -0.284556648366
0.680923673002 0.731576144421 0.033753465897
-0.238559016806 0.967635058297 0.0822920983766
0.470123436837 0.349215101267 -0.810575577713
-0.755385180674 -0.371255539063 -0.539965326232
0.55353758974 0.196841843442 0.809227672176
-0.46186288393 0.514168892188 -0.722712271069
-0.373935923113 0.403358629916 0.835148933471
0.519289074866 -0.698620749451 0.492207177072
0.133828084918 -0.539608758575 -0.831211423981
-0.941602420704 0.327928614714 0.076470288187
-0.204016459281 -0.977248014629 -0.0579965709935
