-0.745668446886 0.535137032256 -0.396997385416
0.187413860641 -0.793241592075 -0.579347755189
0.0779942302589 -0.782981157027 0.617136457995
-0.749210969967 0.379602381161 0.542756809905
0.144185343011 0.864160041162 -0.482118253253
0.81522679436 0.308406854255 0.490194334939
0.0885689362406 0.0627362826434 -0.994092401326
0.0375504594968 0.0903887383233 0.995198391767
0.0558432337167 0.882949466037 0.466134930758
-0.671279384926 -0.384538191583 -0.633651612944
0.830283047986 -0.55147450254 0.0806593657064
-0.786464133893 -0.540460757861 0.298958751859
0.857537472564 0.233359063347 -0.458446322597
