-0.0288674258524 0.318236349396 -0.947571790234
-0.860258965132 0.506504285345 0.0583774086178
0.736974245925 -0.667454581866 -0.106645871885
0.0750694226631 -0.612802272402 -0.786662543102
0.909266969154 0.118856024261 0.398881967883
0.345635462634 -0.559562111076 0.753277087676
0.234107495482 0.751446695857 0.616864283165
-0.760901263148 -0.191906446696 -0.61983964334
-0.142374703225 -0.988042412923 0.0591746072773
0.820071107773 0.171344355282 -0.54600777477
-0.860149547893 -0.413000971677 0.299287408112
-0.0869750769596 0.963744935629 -0.252251927719
-0.344277506006 0.0681454177529 0.936391585234
