0.738348229181 0.647622315424 0.188221223648
-0.547155788469 -0.156070253303 -0.822351882821
0.271313625026 -0.632693883308 -0.725318803631
-0.478320667823 -0.858769839962 -0.183640139143
-0.274584005709 0.367299072462 0.888647857803
0.577516747795 -0.0509670381879 0.814786332135
-0.0502952649204 -0.749757742054 0.659798237764
0.770144726132 -0.632094831299 0.085634251652
-0.0853740818226 0.672006321744 -0.735607755322
-0.155744679744 0.973990914107 0.164576103877
0.734519093143 0.195683702211 -0.649761179587
-0.845689480728 -0.26473485933 0.46338402696
-0.877992212534 0.449001906099 -0.165912516254
