-0.370362515783 0.167084965883 0.913736406782
0.418750653912 -0.366890719842 0.830685915098
0.583004317513 -0.076456538068 -0.808863624814
-0.330396080126 -0.352058331741 -0.875724477955
0.0680144104906 0.885570250333 0.459499044276
0.851489410451 -0.524317084839 -0.00757485545045
-0.941574254646 -0.305622879399 -0.141536492027
-0.791948665219 0.58776157901 0.165389352433
-0.397097346692 0.586756820768 -0.705712498495
-0.42672013339 -0.716450584677 0.551913478252
0.857127606826 0.351594598666 0.376448540715
0.0385273560188 -0.96883622041 -0.244687598502
0.486260853004 0.779895069639 -0.39409905251
