-0.954480212992 -0.250192895938 -0.162391618718
-0.274604394378 -0.764623610979 -0.583046447654
-0.455448062147 0.119467633936 -0.882210035722
0.323512984032 -0.936447053531 0.135669691145
0.455290871442 0.380947780237 -0.804729153886
0.881096229988 -0.329979228918 -0.338796608579
-0.490944222834 -0.675119259582 0.550624877214
0.0773861162241 0.851588588251 0.518467226906
0.842186678259 0.536903532458 0.0495600221626
-0.0539126317042 0.0410843966881 0.997700105488
0.764724681742 -0.234125826093 0.600317631501
-0.766367034036 0.414393055164 0.490876730937
-0.237120289261 0.895074871092 -0.37764393754
