0.725774052498 -0.687807119078 0.013167826949
-0.155290963302 -0.955212391648 0.25190078118
0.907392533691 0.1538207074 -0.391123995398
0.358997051087 0.909510912518 -0.209549558153
-0.910658243377 -0.387298283428 0.143880517875
-0.729701070335 0.481996169051 0.484990763801
0.172535278123 0.694847032685 0.698154122649
0.145538956293 0.32947017847 -0.932881457475
-0.550287431928 0.723116541555 -0.417475998821
-0.648482661897 -0.165201860147 -0.743087197187
-0.339883264233 -0.281381837324 0.897387111741
0.596146926184 -0.152024999846 0.788350963609
0.193621098399 -0.606624438721 -0.771049713443
