0.183637688594 -0.103979382099 -0.977479149356
-0.901972833176 0.119999644276 -0.41478318865
0.00814376700187 0.124804832252 0.992147888626
0.196698909095 -0.976304857842 0.0902128799817
0.724605193542 -0.358187312523 0.588769193012
-0.200915557104 0.7132247369 -0.671523204057
-0.195116633598 0.947646981522 0.2527740052
-0.437445871216 -0.698988013051 -0.565735686842
0.832725345936 -0.423738961023 -0.356389942544
0.659847969782 0.585816905676 0.470552026665
-0.80897648684 0.269564605346 0.522390627103
0.711543999521 0.514138207847 -0.478922791249
-0.660754319525 -0.658397923053 0.360438488716
