0.146042244282 0.850822118859 -0.504750814705
0.176220862776 -0.820718737271 0.543476735302
-0.569498284138 0.813119325094 0.120451930337
-0.528282792487 -0.84375564252 -0.0948351563396
-0.994879128381 -0.0369707661286 0.0940674351966
0.985224345076 0.129867669761 0.111657414538
-0.142646516292 -0.461578909528 -0.875555184822
0.329824636107 0.841334904828 0.428218737721
0.570253000908 -0.756737652741 -0.319624216667
-0.62940445423 0.33636962694 -0.700503752358
0.633022477972 0.0783536769066 -0.770157934256
-0.477998655507 0.212737889708 0.852208821602
0.452381289083 0.0200213370977 0.891599862802
