0.729102749179 -0.680170185187 0.0760111855074
0.00252815080885 -0.725274269833 0.688455403038
0.868862148855 0.0717077188019 -0.489833205643
-0.0924225579592 0.663668568846 0.742295157943
-0.924113030148 0.371781857689 -0.0882799966239
-0.420993911655 -0.895189909215 -0.146284492644
0.620757477215 -0.00854205653708 0.783956113409
-0.691313577989 -0.075116207207 0.718639751407
-0.600159873177 -0.202903361767 -0.773717230267
-0.187461309921 0.970242561248 -0.153256744144
0.258792979809 -0.611041622837 -0.748100480392
0.669740442133 0.72146103493 0.175902573171
0.0902282150977 0.440629644136 -0.893142981784
