0.970911407516 0.224291336445 -0.0838119033954
0.618304656747 0.0361963863384 0.785104561865
-0.909560152412 -0.407680244649 -0.0806048836426
0.726699294515 -0.670431368321 0.149766203538
0.446018087338 0.159524190118 -0.880692851416
0.0456912082543 0.784034163796 0.61903371757
-0.257627357913 -0.327237518714 0.909144515905
-0.606241564325 0.703591503787 -0.370715742159
0.326025830097 0.900445423895 -0.287932625273
-0.474858737479 -0.0986902098907 -0.874510961573
-0.795992325022 0.346782752791 0.496122909039
0.201805960083 -0.735198537643 -0.647114722999
-0.182579888906 -0.962939196726 0.19852628938
