-0.802677595474 0.381226227074 0.458666808823
0.279756470183 0.297250984251 -0.912895486763
-0.936433516743 -0.157193454219 -0.313659826358
0.333686247034 0.921707601385 -0.197758909002
0.0717807768702 -0.182452377493 0.980590969782
0.710264555019 -0.580084130839 0.39878147278
0.0544329392422 0.722558163732 0.689163808648
-0.220885683503 -0.507266908394 -0.833000479275
-0.516519765306 0.665894363993 -0.538323348974
0.969956999661 0.243276382277 0.000143646476559
-0.019557951611 -0.998828516132 -0.0442615170303
-0.65995663634 -0.557881759488 0.50321484535
0.685522579801 -0.480878383341 -0.546639527493
