0.941630121153 -0.00532265527632 0.336607166113
0.2564392161 0.53790888436 -0.803052277609
-0.790068003959 -0.593925192861 -0.151807161906
-0.285746694676 -0.705826390778 0.648195906006
-0.840572065236 0.0603103355194 0.538331929737
0.785726005477 -0.221010583537 -0.577744724148
0.519363758784 -0.839895900984 0.157594928765
0.566805924432 0.822261169307 0.0511626179796
-0.605637199658 0.747350209665 -0.273260400543
0.00778147886222 -0.766453314615 -0.642252882518
0.233061070874 0.0240707554524 0.972164150735
-0.213984965124 0.77523731899 0.594321069747
-0.524455379414 -0.00498210338063 -0.851423357472
