-0.69897941065 0.250347255052 0.669891062319
-0.752314216249 -0.643455761515 -0.141378934084
0.812224465444 -0.417893311795 0.407009333666
0.0629828971518 -0.238776611074 0.969029867791
-0.922790380384 0.287696320941 -0.256298148233
0.0647167114291 -0.788924704144 -0.611072465795
0.864992758009 0.488391186916 0.115158921217
0.379072527132 0.609428239675 -0.696348504601
0.152209898367 0.677314835391 0.719775493191
0.822899914466 -0.217014357634 -0.525109987862
0.0208900656725 -0.944182052267 0.328761094617
-0.323512861859 0.0150306185673 -0.94610438574
-0.267151425758 0.959554691883 -0.0887970100855
