0.968404250073 0.234435117686 -0.0850493035581
-0.746930451864 -0.198742388243 -0.634504817313
-0.204816203215 -0.243853773981 0.947937582236
-0.600055225701 0.706727615054 -0.374793015182
-0.733048681272 0.429316160924 0.527567308365
0.558721225933 0.299670595095 0.773322782626
0.0360511057899 0.949580335615 0.311444222912
0.13122591515 -0.0848110603356 -0.98771799783
0.566282495029 -0.625241831599 0.5370258726
0.675671497383 -0.612702083398 -0.409956320386
-0.219860085392 -0.924489761033 -0.311416480934
-0.832185802863 -0.483591212623 0.271304862816
0.331553458442 0.74975279526 -0.572663121036
