-0.0823996691121 0.684193022198 0.724631080555
0.0649022294792 -0.582367893358 0.810330387801
-0.27483844803 -0.494690072143 -0.824466833783
0.643495240912 -0.274265547578 -0.714627374466
0.872950616789 0.46154071399 -0.157915768615
-0.781238573126 0.623692494888 0.0259608104652
-0.368067230895 0.451439915144 -0.812852087748
0.688927850797 0.128391402887 0.713368112591
-0.705133318566 -0.0340848258809 0.70825505836
0.0782374963873 0.983449931707 -0.16341703089
0.75270336528 -0.639517889833 0.156379386363
-0.239660935323 -0.970854012844 -0.00226314492754
-0.940142315043 -0.291638872903 -0.176292924636
