0.261321537322 0.95961912034 -0.104125875791
0.305449968872 0.391943984808 -0.867801952803
-0.132033079449 0.68317383331 0.718220564598
0.941161157642 0.294913687357 -0.165050272206
0.792507502494 -0.589699328105 0.155520291033
-0.076025072105 -0.943550708953 0.322385247872
-0.620244230082 0.194884759787 -0.759813809728
-0.483411911305 -0.713378632723 -0.507349830376
0.428302074312 -0.541570493871 -0.723366251154
0.660641248565 0.155152886793 0.734493514209
-0.178425589476 -0.238435200494 0.95462713359
-0.860639066683 -0.403501847392 0.31062301275
-0.843743904219 0.526417677044 0.104788612884
