0.567064136356 0.0290181556587 0.823162324151
-0.191361103015 -0.972477590001 -0.132922026763
0.665755346698 -0.721381941393 0.190729947765
0.988975255331 0.146751755382 -0.0197956216326
-0.933479512545 -0.343824379844 -0.101984290382
-0.0244245924785 0.753556547572 0.656929196256
-0.707653433155 0.70653280298 -0.00616578114447
-0.209671985103 0.559715711805 -0.801720637518
-0.696943051807 0.0848825034725 0.712085207782
-0.0950217002666 -0.648805044339 0.754998603256
-0.355422517868 -0.377491304608 -0.855087801771
0.553702467165 -0.103430506791 -0.826266124272
0.419165140862 0.8915248921 -0.171708914886
