0.285521876789 0.620625996022 0.730274353196
0.0194587449856 -0.525172654552 -0.850773201361
-0.226772278584 -0.972741108777 -0.0484671946817
0.793856096971 -0.169812224589 0.583914639038
-0.842482389175 -0.214657238464 0.494111013747
-0.607064174381 0.57142848418 -0.552216058849
-0.599285203036 0.698957095354 0.390277112161
-0.823579257962 -0.348752973434 -0.447312608111
0.267699539053 0.392511380857 -0.879927140557
0.900516255014 0.400244169438 -0.169926687978
0.676851425459 -0.711407855763 -0.189132256931
0.146596392741 0.979297103596 -0.139594700912
-0.0276707746198 -0.596553034302 0.802096506348
