0.241762657665 0.966891135067 0.0816844556097
-0.591708690052 -0.16529628326 -0.789023424784
0.888823504017 -0.445415779613 -0.107691977321
0.338963406951 -0.341076575101 -0.876795631071
0.831538455143 0.320105618281 0.453956155111
-0.708729756222 -0.290616787082 0.642840583436
0.234887030406 -0.867004296079 0.439467443081
-0.943307356981 0.327296805739 -0.0552089777004
-0.408178301726 0.611145417214 0.678153192884
-0.119195731948 0.658924170995 -0.742705402137
-0.535934865972 -0.836115850507 -0.116979074906
0.765367027325 0.41645642736 -0.490690694424
0.156568266274 -0.0906961006876 0.983494074876
