-0.961768712908 0.265782005582 -0.0660368713621
0.0314164583976 0.991662468735 0.124974214318
0.562159270974 -0.511788073071 0.649653694149
-0.746776334994 -0.662351751812 -0.0601270518522
0.452312935164 0.159709473524 -0.877442814518
-0.487315810139 0.473740450508 0.733548421538
0.149039641303 -0.986655917043 -0.0655536931402
0.839297152565 0.535786140341 -0.0922686377598
0.463313532946 0.427285153872 0.776381328646
-0.356389517173 -0.343891232989 -0.868749291754
-0.378168035824 -0.470569954457 0.79721568891
0.882270299611 -0.404243836647 -0.241217824707
-0.342196844194 0.647411280301 -0.680999231984
