0.780060037389 -0.623207112317 -0.0558500960263
0.824774510047 0.102479906052 0.556097901841
-0.00973432465774 -0.844197811207 -0.535943372453
-0.022496144821 0.0694969473866 0.997328480378
-0.690348936589 -0.714366845108 0.114448050923
-0.902187572462 0.0352388269054 -0.429902092544
-0.552038926916 0.832376037122 -0.0490219950157
0.225999948888 0.838029161378 0.4966197215
-0.843017758752 0.130530835657 0.521807205173
0.119036415843 -0.785475079842 0.60733782251
0.541102762256 -0.128269968457 -0.831116487546
0.679889729039 0.660224836911 -0.319144357733
-0.182049516553 0.487880532751 -0.853715736815
