-0.353541289647 -0.935074941862 0.0253655202389
0.707491997011 -0.683460782787 -0.179823337077
-0.840985715221 -0.280232761248 -0.462831099125
-0.251318319623 0.312832865929 -0.915955621314
0.654826278449 0.0744851868773 -0.752100061155
-0.0112496468538 -0.603028849185 -0.797640051963
0.676166656674 0.733719123283 -0.0667450412513
0.669966588742 0.194133620907 0.716559074468
-0.895326946544 0.396010266784 0.2038762551
-0.147021163573 0.681254747207 0.717130913341
-0.596689857776 -0.34032900304 0.726730612619
-0.239640772302 0.948263834496 -0.208249850989
0.291271897607 -0.677448918877 0.67544329442
