0.293656426483 0.214105242515 -0.931624843117
0.553711520342 -0.621901524524 -0.55375269393
-0.275379597967 -0.0380722745827 0.960581375487
-0.39380931865 -0.72910013426 -0.559756388768
-0.989066057666 0.0631505126643 0.13326794935
0.400878722383 -0.841811469251 0.361454976697
0.498117156612 0.812773664087 0.302122937322
-0.547560729015 -0.744882059224 0.381219052365
-0.122102917392 0.900740043226 -0.416843198449
0.984603520389 0.116107568256 -0.130671114753
-0.641117751201 0.172451599133 -0.747815802889
-0.438935720056 0.764447627608 0.472181382844
0.655436074739 -0.0114398196973 0.755164010302
