0.433039322389 0.530359797005 -0.72883155186
-0.119660241501 0.20056825835 0.972344486459
-0.782834531579 0.507655160814 0.359800408375
0.58231000675 0.640757599049 0.500344636525
0.652322590728 -0.288897980098 0.700723336789
0.526784766383 -0.714430779992 -0.460528468725
-0.679100429914 0.442255456348 -0.585860663828
-0.107514372171 -0.217211421881 -0.970185476072
-0.590389108588 -0.735689905092 -0.331965456043
-0.0887425846699 0.99296390077 -0.0784056466934
-0.712821935805 -0.422000366347 0.560179059443
0.0567840022196 -0.939396673014 0.33809683202
0.991050962891 0.047770563402 -0.124643340072
