0.0130921832427 0.551974157268 0.833758432908
-0.592862858563 0.793364003021 0.138156395604
-0.495531193289 -0.860716006912 -0.116691010462
0.191649382937 -0.817550292385 0.543030416681
0.342966229233 0.938957487825 0.0270740034729
0.947295253104 0.240875336065 -0.211212632016
-0.515318591979 -0.241726813168 0.822201250641
-0.549614970737 -0.207455251695 -0.809250086492
0.690236487599 -0.676237924251 -0.257440985456
0.386214083346 -0.0618617837837 -0.920332440769
-0.997897478596 -0.0617518950619 0.0196805911727
-0.189466574552 0.670680116979 -0.717140570472
0.737738223255 -0.0467800499096 0.673464134813
