-0.241198979716 -0.128879460402 -0.961880001284
0.460927541845 0.475523831996 -0.749281580164
-0.934286007257 0.0827340875836 -0.346792052093
0.0650135866737 -0.500115810546 0.863514568256
-0.694781609911 0.577536207619 0.428637893119
-0.356401950793 0.833663420636 -0.421880256192
-0.795549584428 -0.366071617607 0.482796467985
0.852298050632 -0.322301519766 -0.411958448446
0.315575591866 -0.946820578486 0.062792021583
0.433602310457 0.895182152887 0.103140435901
0.895104987047 0.115538078324 0.430625143973
-0.532476482951 -0.778554332594 -0.33214747674
0.129077790873 0.448004181624 0.88466444325
