-0.696614880451 -0.635397987975 0.333162280596
0.413705402561 -0.303322362307 -0.858395820363
-0.533832846473 -0.202926242115 -0.820879669798
-0.981079087844 0.180171455083 -0.0708665659453
0.98844923911 -0.0285093809529 -0.148846622066
0.0275952564831 0.56785781146 -0.82266397015
0.563929966316 0.822282010128 -0.0763890627665
-0.00222190095417 -0.368372185344 0.929675747893
-0.112379994275 -0.925163070861 -0.362552105498
0.664383570786 0.27222835662 0.696050423979
-0.383606784846 0.922678015968 -0.0388730429579
0.572117812843 -0.769826185153 0.282929059802
-0.536217441953 0.399437774973 0.743586120681
