0.788112866389 -0.237840897758 0.567723363255
0.256885709019 0.583610607001 0.770330053871
0.943946952756 0.0480917052112 -0.326575164813
-0.877948450042 -0.157373859923 0.452150403385
0.498494736556 0.86017572683 -0.107706622815
0.565366273273 -0.809125372919 -0.160240781149
-0.559963868124 -0.596552885586 -0.57494792903
-0.0800854463454 -0.287216019997 0.954512063381
-0.875592545377 0.282462565993 -0.391857873844
-0.0746977523771 0.577522106983 -0.812950466964
-0.274660746666 -0.922070426228 0.272667569244
0.279358695508 -0.300341079463 -0.912005457895
-0.411479422726 0.895635855959 0.168881906058
