-0.082204414693 -0.0242762867048 -0.99631977603
0.372879629706 -0.738694666389 -0.561507766286
-0.954470525286 0.176821692849 -0.240250089068
-0.149872595226 0.908563897437 0.389935699152
-0.290004339456 0.787377224746 -0.543998703167
-0.707942815866 0.193438834455 0.679263120439
-0.572968741394 -0.660391836941 -0.485375569108
-0.522670399711 -0.715309618597 0.46384027726
0.631302077913 0.547128939067 -0.54964316648
0.692454138144 0.487852727451 0.531513859542
0.13232578556 -0.136742648994 0.981728747884
0.978370266039 -0.196021256867 -0.066085470312
0.420331516405 -0.821242697989 0.385852105496
