0.361045314649 0.196689187858 -0.911569878918
0.412141013915 0.109749322554 0.904485970509
-0.345242666059 -0.438715624025 -0.82966023333
0.960287010181 -0.204183949755 0.190151972748
0.739323640709 0.652934496523 -0.164551200358
0.532452448529 -0.660148171086 -0.529810137943
-0.385578605527 -0.407057262931 0.828029905049
-0.864173087571 0.256106531658 -0.433144686172
-0.803413530213 -0.595365269714 -0.00817894179356
0.0628343401939 0.881858352036 0.467308990538
0.308115854571 -0.875791163723 0.3715568028
-0.762845387837 0.40618491812 0.503071293703
-0.139015497998 0.874529428771 -0.46462131842
