0.780672549187 -0.250780960281 0.572415304571
-0.298850254977 -0.953450672149 -0.0402534579793
-0.220502347489 0.523725070151 -0.822855251941
0.616060203955 -0.757200350634 -0.217065552544
0.550824923225 -0.0346386828104 -0.833901712199
-0.0801113139254 -0.582311401235 0.809009029228
-0.762017514432 0.645693524438 -0.0490834004322
-0.526283475446 -0.376111381219 -0.762604702576
0.12574332563 0.989728918207 -0.0680094443697
0.323749297138 0.563354932781 0.760143152514
-0.569458965927 0.234347307254 0.787907244356
0.897981185485 0.432650612859 -0.0802697807831
-0.957236684859 -0.276783799568 0.0841941652225
