0.145370331504 0.936924479908 -0.317867874543
0.791958890681 -0.347526474757 0.502022374814
0.20878020424 0.230258565188 -0.950469262772
-0.402428974668 -0.249629766497 0.88075870704
0.0452740674208 -0.92328808263 0.381430695269
-0.12401287799 0.649787141383 0.74993164821
0.387859765207 -0.778558976872 -0.493366721685
-0.797925931672 -0.596166960181 0.0888772364226
-0.896465816987 0.325173768185 0.301016709601
0.73276670317 0.587761075387 0.342913804017
-0.638969913087 0.480443872095 -0.600742154285
0.927296055646 -0.00498769023076 -0.374295535814
-0.450024118136 -0.433615849178 -0.780676366004
