0.849818140086 -0.354050463474 -0.390457933835
0.118803376684 0.0957786044348 0.988287517184
-0.392383552673 -0.637220401969 0.663313882643
-0.0948803217013 0.509332470083 -0.855323423901
-0.510643689931 0.856617223271 -0.0738238086863
0.0516255223739 -0.429061679136 -0.901798692024
-0.764675987235 0.235464486905 0.599855907658
0.514126088739 -0.757391322449 0.402532917357
0.719343247013 0.587641066715 -0.370436593342
0.29145154073 0.850994249074 0.4368807474
-0.882489915049 0.0735022000347 -0.464552447445
0.89265853293 0.114273845094 0.436007146633
-0.549350961 -0.793651636317 -0.261401227657
