0.896314528358 0.442392868761 -0.0301465739914
0.476654214813 -0.609555009609 -0.633437802599
-0.920316153269 0.390242013846 -0.0270064559317
0.424026490811 0.31730748947 -0.848243769335
-0.205187413697 0.886558990022 -0.414621854791
-0.44730801162 -0.766347661049 -0.461114741844
0.194194692913 0.871455287935 0.450393275232
0.026349725272 -0.937173344052 0.347867525327
0.432807991178 0.0654139537614 0.899109702665
0.850169298858 -0.472443796764 0.232398412599
-0.802375267018 -0.467427554334 0.371086798914
-0.484038087638 0.31185523786 0.817590019713
-0.503184403283 0.0978585391311 -0.858620499762
