0.717569779952 0.680708029468 -0.14741163291
0.941595345913 -0.118951719835 0.315037605538
-0.533477620352 -0.466401344446 0.705600038607
-0.950854470278 -0.281847501231 -0.128209837386
0.0902131924079 0.829629037255 0.550978439197
0.257890626554 -0.00884151538682 0.966133661737
0.317986561678 -0.820478853018 0.475077886606
0.635072981474 -0.657155126687 -0.40599193055
0.446845847642 0.14312795469 -0.883087298647
-0.266007490141 -0.926137906691 -0.267410906618
-0.380512074327 0.883548267569 -0.273043989436
-0.503191900951 0.140286999341 -0.852711832117
-0.767523788852 0.426455636163 0.47858418688
