-0.798187669865 -0.309764406761 -0.516664742342
0.228278006722 -0.935700058657 0.268988014371
0.922538582393 -0.378879305545 -0.0733009947155
0.534065223178 0.0244040761457 -0.845090988273
-0.318645788773 0.450975796502 -0.833717993249
0.565672930356 -0.216095972325 0.7958119543
-0.935685547063 0.268449229458 0.228970671091
-0.673107982981 -0.641114174323 0.368643810105
0.591871502125 0.766544820765 -0.249193023037
-0.315703019017 0.948639326681 -0.020372325761
-0.339764244313 0.046166369202 0.939376881044
0.304036413224 0.690207600268 0.656639420052
0.0313434706752 -0.761379864795 -0.647547904275
