-0.156740816199 -0.15705105463 0.975072962797
-0.765033613092 0.437092050955 -0.472941973007
0.406954868406 0.570052959113 0.713741801275
-0.688536316074 -0.639010021549 0.342905138205
0.582883798456 -0.593904836744 0.554548034339
-0.236398926185 0.963515155084 0.125515312301
-0.623387218757 -0.500049963991 -0.601114306104
0.487871996016 0.742645346217 -0.458757893933
-0.830182668042 0.298132063446 0.471077499387
0.0585993907177 -0.988213587243 -0.141421417738
0.663800910291 -0.421312326802 -0.617951676737
-0.021058782075 0.132352610294 -0.99097896761
0.986623453317 0.137053578777 0.0882636839788
