0.34240398854 0.821299926132 -0.456317805884
-0.448633364623 -0.839909129199 -0.305418988991
0.973704071073 0.198552623739 -0.111701555867
0.676763853141 -0.157052668984 0.71925318647
0.616905681377 -0.572170468941 -0.540414965334
-0.164564640668 0.214395056344 0.962784108124
-0.463111672408 0.832511083215 0.304060643957
-0.541114966545 -0.583101428704 0.605959831032
0.46666675658 0.740607258445 0.483449094571
-0.157872581059 -0.217180423952 -0.963280287145
-0.993541123717 0.0732310640192 0.0866789867564
-0.561992020031 0.565441121301 -0.603689744623
0.292465822291 -0.912274604141 0.286738189698
