0.709012126705 0.688672295411 0.151763874881
0.0989464915188 -0.125500615572 0.987146993769
-0.101550250328 0.956610186752 -0.273101624419
-0.180464004821 -0.590725708113 -0.786432375184
-0.766941100319 0.0686021864119 0.63804003688
0.0904146085789 0.309429433117 -0.946614295517
-0.0974455826314 0.747366047587 0.657227775843
-0.850207756801 -0.514407240362 -0.111946243072
0.870756054759 0.00376007160211 -0.491700879562
0.874860733607 -0.205484104556 0.438628521153
-0.772142039791 0.333730706897 -0.540759175291
0.523025811775 -0.831047002869 -0.189221772634
-0.174967940787 -0.870899521412 0.459260539674
