-0.494596707335 -0.202359223822 0.845236559566
-0.402322998885 -0.426048236054 -0.810320371904
0.796115970495 -0.586732493 -0.148136231831
0.861374931548 0.114336209984 0.494934802158
-0.276748641223 0.519215998135 -0.808594420499
0.476354729134 -0.0616802432316 -0.87708706502
0.709369490271 0.645991652439 -0.281939197792
-0.067186510537 -0.9906434972 -0.118791558022
-0.869426131577 -0.493725730108 0.0182511687405
0.0840204533999 0.555386226048 0.827337115888
0.328753001916 -0.654447648859 0.680896275973
-0.13119148045 0.991332240024 0.00701322652681
-0.868371191875 0.43349715786 0.240856154684
