0.309195172996 -0.655114980273 0.689363987758
0.238082772992 -0.267510300192 -0.93367812039
-0.34735883058 -0.0144482137358 0.937620974562
-0.232227581116 0.54798802982 -0.803604050352
0.563471004395 -0.797622560212 -0.215171277467
-0.690905694858 0.684178731748 0.233556810726
-0.944922949353 -0.23158250622 0.231279403752
0.761947640345 0.401539581794 -0.508135570124
-0.336949740292 -0.940008475978 0.0533754401119
0.40420875098 0.533613061315 0.742881138827
0.955116335088 -0.0890607131664 0.282526062195
0.162227844842 0.985070371609 -0.0576063306927
-0.677440931676 -0.282351883559 -0.679228384227
