0.0271798658537 -0.594410894054 0.803702024336
0.313321101951 0.560798522655 -0.766377781555
0.546535528237 -0.363743653907 -0.754313907215
0.557762465437 0.197920676758 0.806057341547
-0.983911107753 0.0845845157458 0.157367060517
-0.62367280442 0.419601298533 -0.65952026754
0.325567932426 -0.944997703203 -0.0313825160924
-0.397118653087 -0.500117936114 -0.769531562282
-0.453328507661 0.876916183805 0.159722480329
-0.390715815944 0.259015803355 0.883318722084
-0.603603979446 -0.788872504444 0.11550934044
0.997857060185 0.0589476981405 -0.0283981746474
0.499252707961 0.858049731639 0.120405114627
