0.102229164056 -0.913142887778 0.394612803286
0.850022932937 0.354223603273 0.389854655437
0.687107653239 0.489023845088 -0.537344165126
-0.662050371067 0.713915857171 -0.228064585259
0.407382044612 -0.369775186359 -0.83504861013
0.187691535934 0.976167900998 0.108940884884
-0.410941864659 0.559887654512 0.719480783757
-0.616708323411 -0.368285904696 0.695727199582
0.276171014166 -0.15939287701 0.947799283442
0.861186688217 -0.508173151199 -0.0108414223691
-0.968272410811 -0.184471386144 -0.168578901871
-0.425092950222 0.0852292908949 -0.901128154951
-0.329338821428 -0.830724498894 -0.448812597459
