0.195908073896 0.516397800106 -0.833638613926
0.816098719555 -0.153121010912 -0.557258320672
0.14261883608 0.989748680559 -0.00757739580431
-0.959444930753 -0.264876912163 0.0964657776407
0.579260421671 -0.809909863655 0.0922137551612
-0.0314048441686 -0.407463656497 -0.912681272075
-0.328464497758 -0.604992070007 0.725324526637
0.529517491815 -0.200801114594 0.824190595821
-0.329351281717 -0.928465930675 -0.171693764611
0.883170529548 0.425263282097 0.197891274791
-0.0410252720781 0.56323926777 0.825274775025
-0.732401635961 0.657888699147 0.175414660664
-0.699910433904 0.23006097209 -0.676163688491
