-0.193616369825 -0.769208112645 0.608959424574
0.664608641729 -0.720688819279 0.19723838142
0.163730362798 -0.271210754579 -0.948492010983
0.583338310653 0.807158259758 -0.0906198600155
-0.844674432985 -0.0776542071295 0.529617717204
-0.811298253376 0.555608791009 -0.181917606137
-0.730615539459 -0.287315978446 -0.619395238947
0.816782277335 0.148486275377 0.557511020032
0.911706359532 -0.028720408363 -0.409837348387
-0.102359210491 -0.940437273671 -0.324191804828
-0.0271713081321 0.0857515191788 0.995945980951
-0.18642849192 0.863528200109 0.468575997055
-0.0644939667548 0.636511068753 -0.768566319589
