-0.342831132658 0.810682718858 0.474615996175
-0.799011281009 -0.0203775719705 0.600970654343
0.663231136401 0.197497892368 -0.721885754271
-0.382958821443 -0.922385750563 -0.0504684875582
0.32825309212 0.923735404784 -0.197389993318
0.354807329427 -0.701808020835 -0.617719403028
-0.230344168802 -0.0336492755228 -0.972527269621
0.726887849304 -0.635294270032 0.260835666652
-0.565322206494 0.692588278719 -0.448031560302
0.310835296072 0.266713836011 0.912274711036
0.936485575743 0.295135383879 0.189446223525
-0.92450944756 -0.18626065353 -0.332549620837
-0.0664565479574 -0.60415393608 0.794091650097
