0.673027025791 0.426151952633 -0.604507349684
0.388502648617 -0.654028859425 0.649085466681
-0.560214959485 -0.635746948259 0.531022614347
0.98152224242 -0.1784814774 0.0689815182454
-0.239879663352 0.962588609142 0.126019509045
0.103869526987 -0.26373550524 -0.958986290121
0.139849622704 0.212815763013 0.967032333504
-0.254576901542 0.599797408543 -0.758573443976
0.415819613065 -0.864181260163 -0.283345723407
-0.739594269208 0.300794223294 0.602098955477
0.655615641508 0.685997797428 0.3155553082
-0.522950294699 -0.742566204898 -0.41847152904
-0.943648389151 0.109536075378 -0.31229723957
