-0.913911940606 0.36135445493 -0.184899763983
-0.0333171463881 -0.78298698812 0.62114518769
-0.0174760706971 0.0913163548348 0.995668574523
0.864214733537 -0.357690027644 -0.35382303269
-0.800191680013 -0.223847376962 0.556404193968
-0.3791062033 0.797006692187 0.470168926268
0.136275529638 -0.254407824495 -0.957447460103
-0.202156675846 0.613237642194 -0.763591692338
-0.684382189723 -0.49131474993 -0.538730762896
0.561752046934 0.659662656319 0.499279298213
0.691239722564 0.573820202075 -0.439224340901
0.117861111838 -0.945387542545 -0.303893324567
0.764249297337 -0.26559574974 0.587692019037
