-0.0512216369801 0.295584626068 -0.953942384391
-0.384157548196 -0.571351496159 -0.725245093745
0.755894908513 -0.423008651164 0.499686470024
0.206627524906 0.734648683036 0.646216974758
-0.711267544418 0.615212833262 -0.340017131991
-0.691717355426 0.41063813849 0.594056747642
-0.0105055901594 -0.130470596153 0.991396518107
0.342528926385 -0.916230420979 -0.207835873376
0.90460053594 0.419955540554 0.0730425515336
-0.359875607573 -0.825439209871 0.434901894548
-0.96632773128 -0.254841477309 -0.0355884419771
0.731612981045 -0.16892091268 -0.660460575073
0.187077331581 0.93922333218 -0.287856916362
