0.75138576644 0.289086955268 -0.593167903958
-0.450685010923 -0.838673139925 -0.305794678335
0.720784110301 0.625574004869 0.298542175863
-0.86148929316 0.472067255226 -0.187052677911
-0.0763280752525 0.759641464211 -0.645847405181
0.538154579022 -0.144575043634 0.830353964184
0.334319630147 -0.551156299548 -0.76449795184
-0.880331909485 -0.30854811399 0.360296808888
-0.0986981566637 -0.80866409274 0.579931943407
-0.178700914431 0.941861124293 0.284541044011
0.895822939693 -0.444409523226 -0.00119849316753
-0.330265763366 0.240615062416 0.91270417841
-0.4832807087 -0.0724289919582 -0.872464209995
