0.985293799351 -0.166754426286 -0.0372705014072
0.648950442023 0.641181978003 -0.409571721292
0.259995113387 0.865120611919 0.428915921654
-0.487205647472 -0.248284885258 -0.83724863262
-0.360919283978 -0.438985374325 0.822817787594
-0.255576540758 0.664229336909 -0.702481330573
0.0611636113102 -0.904755793012 -0.421516272121
-0.759731298188 -0.650078325781 -0.0143709743404
-0.946133713149 0.267173760091 -0.182891166439
0.459821789287 -0.168093483369 -0.87195670933
0.448120111402 0.056130868985 0.892209443631
-0.573856142694 0.474778758785 0.667288736379
0.440375490346 -0.781525983213 0.44191239524
