-0.944663633241 0.305967101175 0.118299421088
0.95052886648 0.0895587075089 -0.297445981478
0.274123967641 0.0127190775768 -0.961610251313
0.692628804166 -0.703279709351 0.160196722981
-0.511189913263 0.485960490258 -0.708891581616
-0.216788963025 -0.914537691929 0.341501618667
-0.775048802856 -0.420366201529 -0.471796152808
0.648494616161 0.633723696254 0.421721483465
0.344734849891 0.817981894987 -0.460503531738
-0.244087315982 0.929029276097 0.278075504732
-0.528062699103 -0.162491112612 0.833514501456
0.080792149376 -0.826241033861 -0.557492943958
0.421170698148 -0.160700526939 0.89263126971
