-0.522070747616 0.852513523518 0.0257454210058
-0.0376199742214 0.335278600174 0.941367620967
-0.855483528605 0.0986333439295 0.508349678618
-0.23857192116 -0.894163782815 -0.378885956373
0.579910531356 0.55261757599 -0.598596350079
0.670958044132 -0.728406272897 -0.138706901842
0.397700961832 0.872886296362 0.282671998226
-0.895220039874 -0.200723384398 -0.397858270198
0.490859802663 -0.437843748124 0.753226065905
0.979575437083 0.125906187559 0.156778809145
0.255525009218 -0.284859694665 -0.923884150757
-0.393522829001 -0.736371879003 0.55036009927
-0.343139829378 0.452595024914 -0.823050910283
