0.56673073042 -0.550065597313 -0.61338741253
0.457441529697 -0.841788030346 0.286601044789
0.477319185866 0.130856070752 0.868932151293
0.992422372929 -0.0774116053769 0.0954215754536
-0.0264553215566 0.857161951624 0.514367091336
-0.764864878581 0.260360503638 0.589231809783
-0.2396610699 -0.495100706727 0.835127452412
-0.604877091819 -0.796271032691 0.00872618419187
0.626504944362 0.76017558953 -0.17211806347
-0.926798055148 0.152756298626 -0.343090189606
-0.352052083799 -0.427998345022 -0.83239218338
0.258600265225 0.297696978691 -0.918968123334
-0.299386043111 0.867153389161 -0.398011302424
