-0.134735081715 -0.433357516091 -0.891093553451
0.093035874398 -0.984552760008 -0.148324606303
-0.148864411654 0.517868853307 -0.842407999557
0.3931567073 -0.368006812563 0.842614258966
0.0905550725763 0.994472180422 -0.0531494232943
-0.873426211336 0.0119421529288 -0.48681006392
0.875807573497 0.47435189628 0.0891704698955
0.673037868436 0.0477726312527 -0.738063549672
0.87870849808 -0.47639762862 0.0302766386446
-0.743388114102 0.62915994368 0.227006337092
0.234866112566 0.570028622138 0.787340637279
-0.498260560562 -0.0330275284153 0.866398058721
-0.736040570777 -0.65190148685 0.182397175453
