0.866705651719 -0.228203431588 -0.443558910506
0.888798844499 0.288612751627 0.356004625835
0.0875606707589 -0.715698806576 -0.692898511474
-0.209903195002 -0.961429823104 0.177745165825
0.471501962216 0.825236459137 -0.310919099023
-0.399176742903 -0.322667792964 0.858221080672
-0.6560677451 0.449811130173 -0.606007476036
0.110283071137 0.481830125902 0.869297057394
-0.349552373493 0.922884580088 0.161546247311
-0.945097566146 0.18739668836 0.267718269187
0.595737256432 -0.599788255648 0.534182711893
-0.785425501794 -0.471203012178 -0.401340880606
0.18818816243 0.19187832346 -0.963207103643
