0.776872965416 0.58883915917 0.223017578307
0.758874476447 -0.550484361824 -0.347960481067
-0.165229095457 0.816534184138 -0.553146700386
-0.88988173222 0.215550171054 -0.402055501666
-0.806434115243 -0.579511398357 0.117603388329
0.646141330361 0.333769032652 -0.686366967476
0.0489162647178 0.179508058804 0.982539595065
-0.103279359496 0.913564178351 0.393362257894
0.764278471052 -0.29854425073 0.571620283967
-0.79296920864 0.272831343851 0.544759480836
-0.131280735648 -0.858950897074 -0.494943153163
-0.178779781791 -0.0412393156234 -0.983024469924
0.0319324891723 -0.895579657571 0.443753752752
