-0.383116246398 0.854942707626 0.349706889298
-0.982511561479 0.159447970931 0.0961632784719
0.494059946184 0.0397989798623 0.868516442434
0.228366809047 -0.946334229688 -0.228692208541
-0.677815196708 -0.734795978396 -0.0253264534611
0.799966201692 0.303815412168 -0.517445911647
-0.6005916815 0.193635942508 -0.775754312835
0.563317223796 0.779873230688 0.272894575671
0.0264763460521 0.859632996168 -0.510225553063
-0.457758230418 0.0714417467085 0.886201714798
0.912828812115 -0.387898908075 0.127585253405
0.195880207565 -0.304840120027 -0.932042620005
-0.0122252990335 -0.7422214481 0.670043180731
