0.898025071711 -0.241287249506 0.367874209212
-0.489104759575 -0.178057288176 -0.853857210714
-0.396066922732 -0.889252287348 -0.228826052196
0.445372841299 -0.00442086751223 -0.8953342885
0.168014720168 -0.828079490072 0.534841482991
-0.161051784362 0.700730129588 -0.695010509447
0.831123517615 0.518658693776 -0.200566342733
0.21291047909 0.0131179526518 0.976983647362
-0.554828731144 0.486750594773 0.674713967237
-0.702763087147 -0.445369198798 0.554770511208
0.541394224446 -0.769692842578 -0.338327092945
-0.978536836944 0.170242899145 -0.116116381425
0.0905359894928 0.979661502936 0.179071422266
