-0.465435803376 -0.761866561872 0.450476253355
0.837797707659 0.542427082042 0.0621921354253
0.0603822574789 0.858585927132 0.509101354067
-0.940198253981 -0.268672008717 -0.20938623389
-0.791210241251 0.581368975028 0.189727354417
0.526278740418 0.10055516843 0.844345513096
0.671966263306 -0.567356255539 -0.475991827954
0.511609715942 0.311818318285 -0.800640265622
-0.422297443953 0.0729707884574 0.90351543034
-0.235194335063 -0.852047110703 -0.467653018698
-0.1342465221 0.897171912893 -0.420785491694
-0.370667112563 -0.0187549662398 -0.928576406606
0.485274732034 -0.757480671622 0.436728138054
