0.475154415292 -0.687311060053 -0.549392199033
-0.324135917636 -0.940670134789 -0.100377310261
-0.932160036201 -0.284849224974 0.223469429545
0.0698390095413 0.299681737252 0.951479568411
-0.544527172945 0.747689695071 0.380066149254
0.983889252769 0.0248776020593 -0.177039665616
0.390029282421 0.21164119078 -0.896150191217
-0.221207776203 -0.588930059052 0.777321365519
-0.02817632598 0.912606899704 -0.407866082517
0.590884368341 0.750563387553 0.295821338843
-0.365391511183 -0.364921848499 -0.856341688839
0.642896226105 -0.661300104662 0.38647977183
-0.809971462276 0.372746125198 -0.452776497236
