0.0459001846626 -0.522624854615 -0.851326279629
-0.598040797971 0.559755189502 -0.573603810821
0.110303304276 0.340346150578 0.933808159555
-0.21718501334 -0.54925104311 0.806941114099
0.417649416753 0.90632756738 -0.0643374330639
0.298174125307 0.399788757955 -0.866753217479
0.863666975633 -0.243587645808 -0.44129855428
-0.201554642949 -0.978315818927 -0.0476852633653
0.8920511448 0.215835772261 0.397063816626
-0.811062043028 -0.365298091712 -0.456875985964
0.616212139909 -0.699278578969 0.362342472841
-0.905386940169 -0.00622629813167 0.424541778608
-0.449414588368 0.829377803226 0.331902074833
