-0.408670444 0.839120086416 0.358979036677
-0.306660392857 0.274550745485 -0.911362327291
0.885350575253 -0.456980205364 -0.0855771628699
-0.938297131289 0.281736540921 -0.200556762349
0.11347190412 -0.991363412738 0.065747325873
0.297177972605 0.433743780758 0.850618354641
0.0630168310279 -0.487681573815 0.87074425727
-0.728747075259 0.00504811553148 0.684764351314
0.0494071939415 -0.599944752927 -0.798514384731
-0.758655625546 -0.645381943875 -0.0890156634981
0.873983455824 0.476417204574 0.0958100523478
0.176233773785 0.904690344398 -0.387913698818
0.62539744681 0.155928283984 -0.764568115852
