0.190141377005 -0.0683659815199 -0.979373447323
-0.668339132228 0.742494502042 0.0449968751038
-0.691052132417 0.159097779947 -0.705077901156
-0.977667930986 -0.150510618794 0.146669595869
-0.375162496551 -0.853643650728 0.361310972368
0.0120488060675 0.706356893336 0.707753322499
0.0171547238353 0.790913967439 -0.611686857436
-0.368178790367 -0.726191295875 -0.580595022472
0.921573596255 -0.105830730542 -0.373499616009
-0.059797774327 -0.202240936726 0.977508480627
0.784829448466 -0.286177216202 0.54967748521
0.696779318161 0.715640026442 0.0485585660606
0.445661627133 -0.887550827095 -0.116787171489
