0.930373673199 0.240307965512 -0.276869842941
-0.627178329397 0.255799776728 -0.735672357345
-0.110410412965 -0.0358417007919 0.993239605127
-0.590541617919 0.80609014482 0.0384613563314
0.767918551088 0.0447022199885 0.638985766996
-0.891435934899 0.00548356644732 0.453113566856
0.215243579622 0.811968889018 0.542564949751
-0.290047712279 -0.632724622585 -0.71800548506
0.282269917227 0.0881067203451 -0.955280534534
0.621526616194 -0.641988407317 -0.448949384934
0.237550064675 0.874386146655 -0.423106172621
-0.528225921328 -0.829619948504 0.180853855588
0.381142753105 -0.80409461609 0.456247794658
