0.179332991751 0.836968782833 -0.517032817753
0.921159476012 0.325352258958 -0.213567617735
0.399478424678 0.820921138681 0.408050820712
-0.535093567074 0.676000953268 0.506653319004
-0.364183278708 -0.801950453096 0.473546207131
-0.133929336965 -0.0376703918292 0.990274645883
0.755607236373 -0.0255845247465 0.654525122844
-0.722208385733 0.551621324319 -0.417287625186
0.588318094796 -0.430791471595 -0.684324869734
-0.940321257009 -0.32170840446 -0.110903724544
-0.232318324311 -0.0458225420967 -0.971559823596
-0.236099477393 -0.851976026249 -0.467326317974
0.540399596471 -0.821674826295 0.181159476611
