0.527275560371 -0.243056110054 -0.814189296663
-0.362749532751 0.0737440574391 -0.928964256837
-0.615766312483 -0.677467715025 -0.40232989388
-0.231319058904 0.103962557884 0.967307231207
-0.817144432607 0.529475389722 -0.227883277005
0.851142277937 0.457496577431 -0.257397949383
0.599326984213 0.452501045833 0.660340798008
-0.905753601687 -0.204756184217 0.371059723031
0.0270839147901 0.846050902365 -0.53241368518
0.740778648846 -0.470963630038 0.478999219828
0.27980953909 -0.936526305561 -0.211246540391
-0.180784735594 -0.7748821502 0.605701686211
-0.214517690132 0.882484320204 0.418573273412
