-0.878598647206 -0.44899026546 0.162702669458
-0.873194115058 0.487371817115 0.000865626520359
-0.108902298386 0.930935424997 -0.34856781821
-0.402917195654 -0.662154165443 -0.631830352731
0.330239926784 -0.939156536088 -0.0944806407758
0.757229795844 0.540450515473 -0.366764606541
0.473135341652 0.00403832375383 0.880980499456
-0.200272044841 0.207224972506 -0.957574497794
-0.545973399205 0.145777575402 0.825022391133
0.960287691039 -0.257237957858 0.108056390257
-0.13603523335 -0.702181028535 0.69888212057
0.0816455951327 0.814051608612 0.575025195371
0.574753386754 -0.305564112753 -0.759137087364
