0.702895624822 -0.511646182839 0.494121365853
-0.87552434682 -0.461555113371 -0.142912544747
-0.154487672378 -0.911372396496 0.381489074534
-0.877039588054 0.396030274943 0.271958787899
-0.0958893614771 0.937874155511 0.333462589776
0.770377182702 -0.447668131431 -0.453995859533
-0.0998988833318 -0.818944779269 -0.565110309247
-0.413911883599 -0.153583016809 0.897267635415
0.329803278524 0.796370485567 -0.506975193863
-0.577129451484 0.52860032231 -0.62249762689
0.410940104885 0.321028969102 0.853269377861
0.940044491577 0.335520248391 0.0611761127802
0.125697213985 0.00226674508971 -0.992066062449
