0.925560692975 0.322897386243 -0.197673168582
0.0195114001643 -0.58100102971 0.813668918381
0.719866989141 0.0527897740258 0.69210169607
-0.00517956898574 0.668072888681 0.744077810094
-0.881619146517 -0.462906315371 -0.0920077370881
-0.675699354385 0.733752835072 0.0709729491194
-0.0936871001648 -0.994931803007 -0.0365162241817
0.225769475204 0.965372828854 -0.130703654792
0.745918078561 -0.609699663411 -0.268090545364
-0.706996957443 0.0254010466448 0.706760276894
-0.0514030536538 -0.513011954153 -0.856840977645
-0.655285497303 0.211525104401 -0.725160704419
0.267828448003 0.383836307431 -0.883706745215
