-0.240031079182 0.0713546639607 0.968139242546
-0.956248678775 0.172785548156 -0.236079687159
0.98604294841 -0.165132852033 0.0212236912707
-0.412669183286 -0.298015698601 -0.860750131312
0.468594654211 -0.594335874197 -0.653593083414
0.448937252521 -0.535802926796 0.715101787814
0.310087159296 0.950019651933 -0.0361747782457
-0.526945380526 0.761440676015 0.377540279775
-0.278870506804 0.638788593721 -0.717063716114
0.626702194362 0.343886251121 -0.699275772404
-0.763017816835 -0.498181274082 0.411848551469
-0.0415205869031 -0.998250521815 0.0420943768174
0.60682041414 0.403087831841 0.685046848621
