0.978942883881 0.0696057913942 0.191900661552
0.723306268954 0.180714554818 -0.666461019842
-0.123965733893 -0.780270502268 -0.613033800137
0.70875291089 -0.641236383259 -0.294083682122
0.515160297867 -0.624315306785 0.587231015203
-0.125001306683 0.0390755438145 -0.991386793942
-0.736091459022 0.628709468609 -0.250786299538
-0.931092793984 -0.00179436488073 0.364777999946
-0.832878802122 -0.23288419038 -0.502073555216
0.416913935504 0.223314741225 0.881086429775
0.502333229279 0.83533054506 0.223347727215
-0.567469746443 -0.805108071819 0.172566159962
-0.324304653677 0.69026139534 0.646811949261
0.0851941238495 0.812555017985 -0.576624924894
-0.285401004721 -0.343293788249 0.894815981895
