0.323036087902 -0.937295829809 -0.130859517557
-0.279421613194 0.808483652676 0.517955350813
0.9799890135 0.135833573264 -0.145501799965
0.599401112257 0.602625434492 0.526840480913
-0.892805049226 0.153002568633 0.423661844008
0.735499829047 -0.285396145793 0.614482742995
-0.883223071378 0.016410383974 -0.468665878301
0.439877508643 0.834954468857 -0.330694439516
-0.310604053991 -0.641352497171 -0.701564035578
-0.154493103859 0.207474977783 -0.965963774918
0.0134273673006 0.100262349225 0.99487042731
-0.461679065309 0.807971177286 -0.366107931259
0.537080214943 -0.339329263586 -0.772269702624
-0.042046389903 -0.740402617397 0.67084727416
-0.733903982697 -0.672566937086 0.0950718639798
