0.539907709149 0.792537044294 -0.283521955099
-0.79207482571 -0.158519371544 -0.589482043257
-0.893411813626 -0.345019309465 0.287709936167
0.603095604421 -0.778828119916 -0.172343991937
-0.123561582388 0.942819130932 0.309555522816
0.630765817998 0.523205187655 0.573053936778
-0.0407786869272 -0.619101815535 -0.7842512612
-0.289016237581 -0.957208855867 0.0148600358048
0.499552663351 0.0997458343096 -0.860521879488
0.993597167557 0.0322944782918 -0.10826696308
-0.189184121702 -0.549484057998 0.813803808115
-0.276165929183 0.650212786836 -0.707782248572
-0.504145187951 0.296275891103 0.811207880766
-0.858362515312 0.512948200577 0.00989625341436
0.67764264647 -0.376159111258 0.631905662819
