0.528664385499 -0.806237590133 0.2655087866
-0.362003248734 -0.177369444052 -0.915146834242
0.0710985888235 0.953486831771 -0.292929773676
-0.752310227623 -0.616980202212 -0.231008119968
0.816284115444 -0.351454611986 -0.45843199996
-0.881969023222 0.305861173295 -0.358579955865
-0.146166397282 0.125963220365 0.981207751407
0.332575664987 0.766227629023 0.549807827864
0.0711188792295 -0.857117130729 -0.510188523223
-0.54455945302 0.766987950357 0.339388400118
0.867882196053 0.48244397547 -0.118441142799
0.383155221358 0.328299588213 -0.863372142662
-0.281009374923 -0.705872143126 0.650214002282
0.711268332379 -0.0382028097864 0.70188168852
-0.88272598708 -0.0595905155241 0.466094198841
