0.0694934963984 -0.847429814896 0.526339588844
0.404592934666 0.377965994638 -0.832734209767
-0.709086228562 -0.658248174252 -0.252796482487
0.872498003338 0.483825185559 -0.0682672980932
-0.54114107384 0.513137878853 0.6662250787
0.057660135907 -0.0764631368755 0.995403786122
0.341450168528 0.698126659439 0.629309899646
0.1474944233 -0.917209929292 -0.3700963938
-0.184384156887 -0.297954372732 -0.936603264173
0.833775255131 -0.228791962303 0.502466975947
-0.983376050561 0.176009048016 -0.0446358398549
0.124921856207 0.971127501661 -0.203238542995
0.825273133926 -0.328025567447 -0.459699338179
-0.476923826973 0.524015822554 -0.705656489362
-0.698273116313 -0.379858819454 0.606730526937
