-0.536167370222 -0.362096042389 0.762503119466
-0.656156013641 -0.753672327276 -0.0379118564607
0.332630122312 -0.194980934324 0.922680679857
0.860587465171 -0.448872530403 0.240629728505
0.745500130311 -0.232832352114 -0.624514732825
0.0986950851003 0.301105711323 -0.948469625653
0.694498090428 0.624264429546 -0.357723810216
-0.905936431328 0.307952627811 0.290593120043
0.104803929544 -0.902762268878 0.41717672783
0.0719293884553 -0.824956375603 -0.560600696957
-0.0239749620788 0.994756694014 0.0994199220908
-0.599349522113 0.633416446138 -0.489452506486
-0.60753561798 -0.223261614369 -0.76226945658
-0.217253716424 0.510559938928 0.831943129944
0.630600191145 0.560488202543 0.536839243851
