0.0612337702772 -0.387334636261 -0.919903421523
0.663636844078 -0.74648125482 -0.0484961378333
0.0428564753882 -0.79523490099 0.604784899584
-0.650836656963 0.628471347042 0.425952358721
-0.191906806364 -0.948209042926 -0.253123267568
0.816170103104 -0.030968550727 -0.576981205643
-0.763753197724 -0.321045729153 -0.560009547024
0.7488373287 -0.111021410969 0.653388782771
0.160605324221 0.53586378163 -0.828888374492
0.0152070541204 0.997623174517 -0.0672067494486
-0.774964645422 -0.54895394344 0.313176254414
-0.668666963302 0.572369603728 -0.474634100035
-0.34944693981 -0.0527612697142 0.935469446147
0.194290198156 0.641201020058 0.742369564824
0.805371438482 0.587291756055 0.0804067120846
