0.858399735084 -0.164811539418 -0.48578498462
-0.349526736184 -0.932629697619 -0.0896264905747
-0.0171856977654 -0.697934265822 0.715955593863
0.541345089117 -0.840524430423 0.021544752259
-0.300487131809 0.472738175499 -0.828387651431
0.231138575135 0.133600873015 0.963704189995
-0.89181845978 0.42746000638 -0.148114070031
0.131038207027 -0.609544923716 -0.781846515801
0.903204327155 -0.112888435706 0.41409919644
-0.513078748354 0.545784154479 0.662472531285
-0.184969536553 0.981102051302 -0.0567893958297
-0.707401508427 -0.309381874193 -0.635504493923
-0.847332608864 -0.331892346156 0.414578002937
0.566033496957 0.732750141432 0.377734444491
0.524415278319 0.672835082841 -0.521806062789
