0.992626993556 -0.106029682769 0.058731235599
-0.739495529429 -0.183776646391 0.647589766902
-0.274643159965 -0.492259142749 -0.825985515045
0.210126023262 -0.95266417249 -0.219722617868
-0.123390936924 0.483057561563 0.866850661246
-0.660600298658 -0.74896224319 -0.0516023612748
0.533283949749 -0.13524318856 0.835055392706
0.605965324494 -0.320621839312 -0.728016250963
-0.898670499829 0.0313799281451 -0.43750043754
-0.751274631566 0.617617082562 0.2326705123
0.635762553236 0.654149747059 0.409748806376
0.684040092701 0.544997487389 -0.484836972927
-0.0112220151802 0.992357328995 -0.122886117867
-0.0620601535699 -0.779607505868 0.623185906559
-0.199672416887 0.425829549262 -0.882496527421
