0.997958956508 -0.000832643124534 -0.0638531740096
-0.578780167816 -0.649435256791 -0.493201140084
-0.503697662039 0.661244483912 0.555917617775
-0.228527759714 0.252721599071 -0.940163207322
0.641901129956 0.191620354218 0.742458469688
0.269957869464 -0.906367026986 -0.324994709353
0.482798858032 0.665491567065 -0.569233025086
-0.865480854992 -0.161194018753 0.474298827704
0.543678039091 -0.672439070936 0.502234890952
0.323056485155 0.901923599039 0.286650185583
-0.356058972122 0.882605522378 -0.306968239787
0.541839684086 -0.200205486751 -0.81628887033
-0.915771866036 0.177054875699 -0.360573793235
-0.331913754904 -0.877378053731 0.34646934949
-0.111349793776 -0.25442263363 0.960661411176
