0.524696006425 0.816719149516 -0.240133154013
-0.938911179114 0.283709025711 0.194820395402
-0.306098533482 0.542219494708 0.782497097349
0.996836917239 0.0720685450276 -0.0335005260699
0.569529613682 -0.00817227336984 -0.821930187478
-0.123712650672 0.566298490347 -0.814862687754
0.578412458328 0.536624254898 0.614388669415
-0.799437070489 -0.597165214533 0.0655292063179
-0.356018421924 0.934101152289 -0.0265691652723
-0.771997828726 -0.032000835629 -0.634819107275
-0.413668194136 -0.349806734989 0.840543796192
-0.00791488427222 -0.951476723409 0.307618919147
0.495374436687 -0.362444141003 0.789454502888
0.639334445306 -0.718698136963 -0.273357741744
-0.0984982130218 -0.617096267908 -0.780698596237
