-0.529264859773 0.0847087792409 0.84421746661
-0.227065178891 0.849442693365 0.476328159176
0.444206639563 0.88741280827 -0.123202958919
0.194427259012 0.206007916106 -0.959040551517
0.570344480293 0.476998173851 0.66871512316
0.264477974176 -0.337117076558 0.903550484405
0.825797255307 -0.51815768607 0.222646593269
0.508223687951 -0.601673393886 -0.616196243169
0.0416066373339 -0.956537769475 0.288624987305
-0.674453411761 0.0239473966928 -0.737928938012
-0.772615161343 -0.571323702521 0.276866464927
-0.954600367917 0.287885461464 0.0765512811824
-0.365216333604 -0.78712201393 -0.4970472461
-0.408409227947 0.817791134206 -0.40548682265
0.917837469232 0.159765200608 -0.363386104232
