0.962918636692 -0.269739908416 -0.00529914329066
-0.71541715105 -0.393546075738 0.577321215836
0.785287765081 0.603249293429 -0.13933203505
-0.957709035681 -0.137807196317 -0.25259172516
-0.42717119339 -0.865885163395 -0.260322214476
0.127440111651 -0.429895473949 0.893839414783
0.689377798095 0.244738454737 0.681807407019
0.445883968773 -0.598008927336 -0.666012619413
-0.16895986434 0.420850124105 0.891256269141
0.361325234201 -0.916340408841 0.172523419437
-0.769245265894 0.591545794174 0.241527005312
-0.346507232934 -0.242873586789 -0.90606023992
0.340426210863 0.339278768636 -0.876926400623
0.0452185577975 0.975666205524 0.214547750931
-0.464534878819 0.643178234629 -0.608711019172
