-0.0560542332106 -0.773301452062 -0.631555846445
-0.462151020143 -0.870626501217 0.168599910913
-0.700862537868 0.561828702875 -0.439477202638
0.601232114829 0.620023773139 0.504073868437
-0.824213567373 -0.332067901465 -0.458696963337
0.672178371177 0.625588734567 -0.395998702655
0.442598292175 -0.877212542793 0.186023940744
-0.192609310919 0.0479807439124 -0.980101781225
-0.259525636821 0.579308199957 0.7726891052
0.994376805802 -0.0716987573836 0.0779362320966
-0.381522541895 -0.309562465587 0.870983139863
-0.942180038888 0.12331417694 0.311593305587
0.639073236058 -0.207998310329 -0.740487745918
0.515373503004 -0.217701239398 0.828852413139
-0.0464663790589 0.998916692247 0.00251347698525
