-0.899393335229 -0.419499945002 0.122928534883
0.724315817407 0.546107308742 -0.420872194369
0.721632975058 -0.337477513459 -0.604445843081
0.0999256349962 0.202107307898 -0.97425227922
0.328537430445 -0.0543543068205 0.942925641886
0.545846825924 0.707476196932 0.448919450908
-0.119839674765 0.892087676527 -0.435681110149
0.537383485793 -0.833812046213 0.126398025246
-0.646405487945 -0.239491020258 -0.724433569329
-0.220844689552 -0.760747916793 0.610319776995
0.975949107307 -0.0497713434468 0.212240790889
-0.567755498053 0.0450362043159 0.821964375586
-0.884693237582 0.433243971561 -0.172097462163
-0.26528013429 -0.923770722676 -0.276177664334
-0.348109280459 0.830292939631 0.435239661861
