0.750732195195 -0.660580129731 -0.00592142739253
0.896189781216 0.123568671245 -0.426115781837
-0.586856206857 -0.78975791553 -0.178555950144
-0.640895237742 0.562568296456 0.522274071788
-0.663695292179 -0.325898444413 0.673274656487
0.300294351604 -0.550488019539 -0.77896485334
0.179215441559 0.389645380144 -0.90335945406
0.451108695683 0.871625323346 -0.191755678876
-0.518321396009 -0.177445959998 -0.836573883001
-0.501565699461 0.755789511994 -0.420968006723
0.237162537881 0.705351993698 0.668006358961
-0.995440470974 0.00941312392254 -0.0949192385404
0.874664422594 0.0980233786004 0.474714193063
0.164215913496 -0.138462789088 0.976658174487
0.0227981157823 -0.877138009937 0.479696943331
