0.906074820446 0.0431294591706 0.420913612877
0.482490265217 -0.763978238821 0.428416146497
-0.568691418464 0.511624214551 -0.644073546771
-0.5038570517 -0.802134586725 0.320481163614
0.0752952892993 -0.930204450394 -0.359235716316
-0.503215034439 -0.378253838521 -0.77698047772
-0.663102063331 -0.0239454848275 0.748145886417
0.207211029801 -0.0997015655441 0.97320254159
0.311166448066 -0.0298388313928 -0.949886880496
0.0787920925364 0.972850048005 -0.217611098637
0.832244817335 -0.439913341082 -0.33740897492
-0.660597294205 0.714607293792 0.230103521372
-0.994109088673 -0.0599596207647 -0.0902882256724
0.166473938122 0.741531850002 0.649936107136
0.80550164778 0.461147635337 -0.3721692543
