-0.626190175937 0.774352864303 0.0909038233816
0.00326044645576 -0.426588924741 0.904439748561
0.242530689362 0.929080826402 0.279262748553
-0.820089302209 0.0891290776457 -0.565251752692
-0.0204911564117 0.816844911779 -0.576493280629
0.742811858896 0.335745327631 -0.579228467237
0.39574428895 -0.887967395113 0.234308264854
0.55025307446 -0.58082256409 -0.599888908958
0.00937931929233 0.0205648683529 -0.999744524646
-0.302157234259 0.420994215768 0.855257198786
0.972847413086 -0.206728291015 0.104073649625
-0.342081623489 -0.713905809969 -0.610998082946
0.580772263879 0.25414504983 0.773378219991
-0.503300568096 -0.82074695645 0.270301630835
-0.939869099992 -0.0341905418564 0.339819189758
