-0.77852239802 0.28306920202 -0.56015596279
0.65117153771 0.449158279607 -0.61174542772
0.996399420468 -0.00823219458674 0.0843826158827
-0.510738205283 -0.630593138414 -0.584378969034
0.636188073746 -0.452274185747 -0.625070232638
-0.321083146354 -0.913311005144 0.250536666001
0.583143886087 0.780905397606 0.223897226669
-0.0404046117217 0.551264313371 0.833351740957
-0.0378430020808 0.0153984850237 -0.999165048354
-0.42848866431 -0.261993803767 0.86472927055
-0.951753812551 -0.282147079916 0.120655317286
-0.759426887609 0.582290098934 0.290187944374
-0.150827475803 0.933889999299 -0.324192137091
0.571580453696 -0.794061793924 0.206788907785
0.523396149632 -0.152359305604 0.83835738951
