0.141150863803 0.791075029344 0.595211501566
-0.62072185111 0.322671615565 0.714553995205
0.207222571443 -0.947136011063 0.244933016216
-0.507268996839 -0.569847545023 0.646492026461
0.884660218748 -0.456724669601 -0.0936956431334
0.592493868218 0.783801992838 -0.186025407262
0.151662114573 -0.0559766258814 0.986846097605
0.23244087307 -0.711982575903 -0.662610030211
-0.999269255693 -0.0285556422909 -0.0254072808481
-0.0821263288981 0.636596617848 -0.766811588493
-0.569238853447 -0.121472400166 -0.813149176796
-0.550457280332 -0.804333359184 -0.223706570831
0.842675717393 0.234537097416 0.48465450091
0.634791661377 0.0887622947298 -0.767568108822
-0.524901795382 0.851098242182 -0.0104827172115
