-0.283186071302 0.32330122271 -0.90292965862
-0.0096883405651 -0.995398971307 -0.095325883046
0.330743939881 0.819112003261 0.468683232414
-0.496741761784 0.866108107487 0.0557168578279
0.263697120083 0.86339544866 -0.430130361744
0.799245897493 -0.599948534079 -0.0356055023436
-0.938507067328 0.165706294444 -0.302895870816
0.0201510754237 0.150030719767 0.988475956858
0.368380721225 -0.301655511761 -0.879374548446
-0.786247882568 0.195845862351 0.586053466295
0.915734950042 0.250430337391 -0.314188076455
-0.778840712305 -0.604142776573 0.168578321174
0.816841058193 0.0660281481192 0.573071521981
0.273679092619 -0.66480790997 0.69507567725
-0.502682748113 -0.52490798653 -0.686863640344
