-0.741363526251 0.346487264524 -0.574740547959
-0.319242306993 0.350449041017 0.880494076684
0.169499609401 -0.98541449457 0.0151048437083
0.141581115466 -0.564578255106 0.813145855062
0.4275116932 0.884626822952 0.186196499139
0.851191670023 -0.451386837976 0.267810872417
-0.61948624466 -0.703109824564 0.349103662652
0.569938667631 0.228947757495 0.789146906144
-0.47088026576 0.875906027629 0.105168465238
-0.523504367464 -0.653673238537 -0.546492886017
-0.95207623949 0.132211407678 0.275809676913
0.618611325331 -0.504727664139 -0.602137868951
0.0488734689792 0.778553381184 -0.625672451588
-0.0437206167034 -0.037719406914 -0.998331485037
0.844957866861 0.34733354474 -0.406700887543
