-0.843261202293 -0.503196732975 0.188953943146
0.984342981127 0.175248183606 -0.0188936404502
-0.928071780838 0.372136044721 -0.0140546729298
0.506572366925 0.457922275292 -0.730542008963
0.210503318981 0.976129389966 -0.0534767869523
0.520305914735 0.531597973724 0.668345232215
-0.0834801465336 -0.832022598987 0.548424525262
0.677965961924 -0.356715344627 0.642741252279
-0.359964633347 0.717485353046 0.596355792212
-0.717070588047 -0.220596558449 -0.661170878184
0.136029696769 -0.340436989645 -0.930375503589
-0.38095931215 0.616582530519 -0.688981847036
0.645634127607 -0.724329710258 -0.241874025282
-0.0935586235955 -0.0474565442117 0.994482106607
-0.234648178901 -0.911488598884 -0.337829492854
