-0.0483222626579 0.865156135564 0.499169129683
-0.607861473133 0.209217662539 0.765984594599
-0.205949709141 0.323608614418 -0.923505377342
0.273964506266 0.152551476805 0.949563845263
-0.60046521378 -0.645933884057 0.471392558774
-0.590337840374 0.777410108348 -0.217105406796
0.281344480142 -0.700719751049 0.655619641243
-0.579394978095 -0.487798079245 -0.652958263018
-0.032280034144 -0.989654003469 -0.139796111579
-0.999816712982 -0.00209158856344 -0.0190306515684
0.809317028716 -0.583548915825 -0.0669074724537
0.296847842721 0.894529835411 -0.334212106052
0.799829540773 0.513386850543 0.310976924218
0.825581091019 0.190160486959 -0.531276624134
0.308859215528 -0.494216842669 -0.812622727596
