0.445217154969 -0.203318556035 -0.872033972786
-0.457038085402 -0.190792832966 -0.868742932852
0.10516452102 0.0179562094847 0.994292712464
0.00511729458982 0.582214150987 -0.81301936981
-0.980400272267 -0.14329379765 -0.135211662565
-0.643420494882 -0.368477808245 0.670994911752
-0.675097037468 0.700303387646 -0.231989558499
0.695219662145 0.502800036688 0.513674745801
-0.468915093065 -0.881809647457 -0.0503028940251
0.796694815334 0.468124285618 -0.382278726109
0.153716712973 0.987895501696 -0.0208242618561
-0.395240641638 0.672506891043 0.625715044327
0.906170972912 -0.336073864648 0.256726557553
0.406556065665 -0.873211668949 -0.268725783436
0.155959470729 -0.789169911098 0.594043344301
