0.0760605488846 -0.988007856377 0.134369894844
0.742092808596 0.581003384703 -0.334265359248
0.871963645298 -0.44154268057 -0.211469767375
-0.427809861878 0.187933826122 0.88411515035
-0.602988903731 0.716970452877 -0.349796729084
-0.872285088509 -0.0326906784049 -0.487903724017
0.244265855302 -0.745003445563 -0.620728650888
-0.140463339189 -0.56441241917 0.813454775283
0.377977167706 0.130235093355 0.916609012148
-0.792225687796 -0.507734389327 0.338502953445
-0.35670002672 0.839221042933 0.410454786836
-0.924287503952 0.285315701908 0.253549916748
0.0713610271475 0.616373486954 -0.784213828228
0.555793824119 -0.0291802638004 -0.83080788229
-0.229636317203 -0.17588613773 -0.957251914793
-0.528638530993 -0.757044496131 -0.383959547905
0.450646554581 0.805046530466 0.385769058672
0.623551400846 -0.556330375035 0.549254189167
0.931441366497 0.157683096328 0.327952773904
