-0.816055790358 0.0676144108355 0.574004563109
0.579538068861 -0.743347807673 -0.334020453818
0.491324230292 -0.600014690284 0.631334200065
-0.123929356294 0.182584256601 0.975348401285
0.973405069765 -0.19839023611 0.114559523275
-0.342668934106 -0.562856301928 0.752177362714
-0.592440927667 0.768972592512 0.240197625281
0.229485552037 -0.312734153397 -0.921701541013
0.647192505671 0.205400550063 0.734133826109
0.0338820437973 0.97301896915 -0.228223777865
0.793442426826 0.159950047272 -0.587252158524
0.108523161635 0.484644766464 -0.867952863771
0.763681207792 0.642770654621 0.0603067029709
-0.955979467122 0.204762102965 -0.210180255093
0.149864307654 0.817289763203 0.556397458886
-0.343466038347 -0.753710105197 -0.560314338408
-0.521419531382 -0.0215996082646 -0.853027038971
-0.827471234583 -0.558375614188 0.0592286199258
-0.0241667213906 -0.989301137839 0.143872263651
