-0.0468694295136 0.522396165172 -0.851413826051
0.292611266992 -0.942697094881 0.160314795739
0.802742626818 0.407078937215 0.435764860866
-0.812087537751 0.313544192345 -0.492142124265
0.801386124106 -0.519794064106 -0.295963529867
0.107959658499 -0.787819855099 -0.606370009192
0.442313457171 -0.114104267426 -0.889572381406
0.215837418326 0.218967551544 0.951560518423
-0.541644713671 -0.0254162263184 0.840223196295
-0.966218336704 -0.250936951824 0.0587602929345
-0.0750409365978 0.841588436206 0.53488107265
-0.812814708429 0.501129497703 0.296987333558
-0.367087350807 -0.212736727164 -0.905532971124
0.894243461853 0.27653079069 -0.351936574873
0.443784449289 0.890964618678 -0.0961114500614
-0.476800804074 -0.876801747494 -0.0622871481678
-0.35050330399 0.911098803757 -0.216901829602
0.773017936036 -0.393669985243 0.497460765574
0.0589125743501 -0.559308720963 0.826863388498
