-0.65350564597 -0.392493354377 -0.647208882398
-0.0815968061394 0.750450494648 -0.655870426464
-0.783679611063 0.388466149548 -0.484706424405
0.119105392978 -0.4897553093 -0.863686078605
0.50226074589 0.221349671426 -0.835905775849
-0.447944806935 0.892639363263 0.0504025504649
-0.98265630762 -0.17596660407 0.058500729447
0.92883590055 0.334718972271 -0.158830348016
0.799836076058 -0.413986913671 -0.434599915723
0.126323390511 -0.0901784722264 0.987881695426
0.237312438402 -0.948691175445 -0.208968562736
0.00482825236775 0.717454240124 0.696588904095
0.822381036397 -0.429451729354 0.373176423598
0.711178316672 0.332247832125 0.619545623779
-0.714444469383 0.36203284447 0.598749797238
0.361275067545 0.932458811366 -0.000943756317067
-0.532835288427 -0.846088675842 0.0148495124412
-0.567080627587 -0.425489574128 0.705250440712
0.136243004966 -0.803393167936 0.5796527075
