-0.16015690548 0.0267785246764 0.986728268696
0.248755445244 0.663123463063 0.705966005695
0.982537638761 -0.166843040217 -0.0823601138195
-0.897076818199 -0.420053827034 -0.137142132998
-0.267147986952 -0.741694465374 -0.615240825288
-0.510236931341 0.737013042461 0.443249420911
0.268549295153 -0.613366188639 0.742740327913
-0.907727522011 0.385978884815 -0.164472022728
-0.615434676155 -0.0348653125847 -0.787416388809
0.122261909493 -0.991456119444 0.0454619478601
-0.330268630555 0.702976852632 -0.629877905895
-0.491010321398 -0.718501068853 0.492610473232
0.74754827138 0.0307064935573 0.663497319671
0.101843921628 0.994695162844 -0.0144688853052
0.469849391626 0.602364965965 -0.645289080154
0.796032866353 0.59816394158 0.0923665235843
0.166271352207 -0.0637062326199 -0.984019996423
-0.838809891244 0.00738118926743 0.544374397264
0.531495364755 -0.640420217969 -0.554413763953
