0.131318153389 -0.841777167135 -0.523609342431
-0.07556162962 0.708488264911 0.701665745646
0.708922303017 0.508250847031 -0.488989002716
-0.324891479239 -0.296530368057 -0.898061950835
-0.709878192778 0.395610293464 -0.582722444328
-0.627718201089 -0.72312991976 -0.288189137841
0.990299588947 0.0677792505661 0.121295908106
0.732261667893 -0.680856521673 -0.0150747016517
0.0601072365491 -0.456454632583 0.887714080382
0.599359016604 0.754266466611 0.268050119495
0.0341380812575 -0.963746575401 0.264626396663
0.663222982365 -0.265815997484 -0.69962642256
-0.997380836594 -0.0722244372467 0.00388554505936
-0.634014666433 -0.586820045841 0.503654282764
0.0258871328705 0.426347811157 -0.904188807868
0.0466634317326 0.954216881554 -0.295453324735
-0.638956708628 0.75802264351 0.130904531727
-0.690055676173 0.190781016144 0.698158841282
0.573769501749 0.15603451869 0.804016037054
