0.207899941738 0.896352926116 0.391572529769
0.522974145571 -0.732476107056 -0.435863276334
-0.640849060398 -0.64222509784 0.420546555677
0.633876232419 0.723454836844 -0.273521518389
-0.22548417618 0.374521741417 -0.899383317334
-0.431565269142 -0.837447820985 -0.335309656285
-0.182814730295 0.931292749229 -0.315075530025
0.728915668585 -0.479462012082 0.488669752554
0.541839743759 0.130235097359 -0.830330362867
0.010584352137 -0.487306653106 0.873166763756
-0.990470485395 0.0727671703889 0.116932273024
-0.584196852773 0.729048859226 0.356653610764
0.975421875576 -0.108913278421 -0.191546502008
-0.765236462328 -0.160082228984 -0.6235277353
-0.0501535316143 -0.414403096442 -0.908710458246
0.818160689065 0.36876171236 0.441166506398
0.183075182381 0.29977268896 0.936279772584
0.130412845646 -0.964029768805 0.231601154032
-0.57937633728 0.0618035596656 0.812713590272
