-0.264228703691 -0.798586772837 0.540779399012
0.48854344833 -0.52241775498 -0.698859777334
0.0239385088621 0.991389048046 0.128742779249
-0.749195530265 -0.159816505745 0.642778921498
-0.486293846347 0.737824143283 -0.468117323534
0.86744714218 -0.497244041924 0.0168469075452
-0.835892675718 -0.545316525385 -0.0625565490036
0.871495434826 0.150682952901 -0.466680141834
-0.297008691542 -0.705387392564 -0.643594953026
0.0710859934426 0.10484175451 -0.991945052938
-0.685632923575 -0.00148377802618 -0.727945940652
0.236414920437 0.571257652964 0.785985164825
-0.96633009589 0.256859723723 -0.0151402809262
0.72603992978 -0.0640574987288 0.684662440347
-0.0169262726996 -0.170179401853 0.985267716145
0.335168868985 0.745718202413 -0.57581784607
-0.541285948093 0.618073640463 0.570082886396
0.220557176509 -0.971871794824 -0.0825817553461
0.750786411632 0.639352152804 0.16597767565
