0.964351912611 -0.23240882878 0.126536654567
-0.550685867471 0.796980624764 -0.24812690124
0.101375186787 -0.949352080564 -0.297411665262
-0.700579762625 0.514740367302 0.494196671852
-0.290116716704 -0.265070671083 0.919548709977
0.0117944139785 0.484523105536 0.874698949354
0.662771994727 -0.451390386771 -0.597478034522
0.453825642786 -0.790016016529 0.412209873217
0.566889271215 -0.100106350093 0.817688982959
0.0769326366964 0.969747596428 0.231669956261
0.198369035553 0.810386858497 -0.551291996413
0.834744357766 0.323540774145 -0.4455594513
-0.358612224417 0.322936818656 -0.875847637238
-0.890721087685 -0.261202879137 0.372006720213
-0.349919216156 -0.861771916874 0.367295120377
-0.930747870898 0.0916317840167 -0.353994374216
-0.0888557265623 -0.438683334475 -0.894237995117
-0.653863437327 -0.667646265366 -0.355964983769
0.76093364435 0.54190777299 0.356813613066
