-0.417969400918 0.867688344138 0.269106888323
0.930670605881 0.289863950379 0.223228836892
-0.600209216455 -0.126712563754 -0.789742250781
0.479739828179 0.118059624528 0.869431781289
0.105795509139 0.934258072885 -0.340542454763
-0.257467672392 -0.808610311695 -0.529017732684
0.897052401288 -0.308761841215 -0.31616943994
-0.948296489039 0.268288967672 0.169572399586
0.715608153909 0.444970127119 -0.538429713176
0.40917523483 -0.908372954671 -0.0862218210477
0.00946653156517 0.384074840074 -0.923253433247
-0.868680085478 -0.48135857832 -0.116999265687
-0.622697713341 0.617711909097 -0.480291115012
-0.310471812752 -0.909072093385 0.277840210401
0.317609788404 -0.362306672478 -0.876275012418
-0.28809505111 0.364231956886 0.8856276436
0.342497367027 -0.65271384506 0.675766372386
-0.678997192412 -0.306495303499 0.667100773219
0.36179565673 0.807429825841 0.466005342366
