-0.479317068505 0.625490120029 0.61564377491
0.802589262638 0.507868522659 -0.31292177807
-0.326279771201 -0.0989644359461 0.94007848147
0.532748549557 -0.0372064446754 -0.84545529948
-0.336798609084 -0.934204650964 -0.117594077381
-0.777014443207 -0.490235162877 0.394864584545
-0.393064820987 0.909344700403 -0.136353446426
0.270096374041 0.440786093141 0.856011430311
0.892821048495 0.171346557429 0.416546435132
0.11646080866 0.662502453498 -0.739950930235
0.434097911502 -0.350375283885 0.829937445638
0.314903094005 -0.763157010981 -0.564293733773
0.913815959346 -0.351933299558 -0.202690268899
-0.635908862484 0.363397348541 -0.68085408546
-0.838635501322 -0.367735794515 -0.401821952305
-0.956188307103 0.287058171518 0.0574589203226
-0.230402340619 -0.290549367158 -0.928706534208
0.338753605034 0.917824840686 0.206986851987
0.391643140485 -0.890839183999 0.230263324832
