-0.881470564483 0.411448867104 -0.231774618346
-0.943424554869 -0.306071821396 0.127554495876
0.636410014231 -0.604163578326 -0.479550481608
-0.040456293569 0.86991765312 0.491534907306
0.368522925513 0.629153939223 -0.684365526697
0.332762343461 -0.45537181367 0.825775837676
0.679025436043 0.263740837312 0.685102348515
-0.37249627367 0.364427171309 -0.853486592111
-0.469589767445 -0.443338634294 0.763502655957
0.0496511916648 -0.314280877688 -0.94803074269
-0.753012409944 0.345472107039 0.560019047648
0.92104734057 0.1396873246 -0.36353713397
-0.262306930421 0.923380668128 -0.280291305573
0.633217813718 0.771463988539 0.0622777229687
-0.441578726824 -0.89118190547 -0.103937670643
0.890517305473 -0.37980201608 0.250458294402
-0.0720488257368 0.224785338568 0.971740972829
0.310822530419 -0.933515246915 0.178713844905
-0.691805503231 -0.341680945701 -0.636128349505
