-0.968304413137 0.246629716039 0.0395012235916
0.840253851432 0.503200930209 -0.201896728528
-0.212972767131 -0.729012766122 0.650525162689
0.738370055285 0.333311004263 0.586270787175
0.293139814994 -0.954509159862 0.0546013974626
-0.212265512931 -0.207450707085 -0.954938509094
-0.257511795705 0.632066258897 0.730876131391
0.650379130064 -0.471745852098 0.595367817576
0.116939570514 0.821321364517 -0.558351460136
-0.323578176722 -0.830818080061 -0.452811750502
-0.612831152299 0.430646933947 -0.6625565614
0.49480465009 0.170174623685 -0.852178945823
-0.67536152102 -0.0596653892612 0.73506928738
-0.471134260269 0.882030808398 -0.00735947255579
0.424942332344 -0.613120717999 -0.665963211704
0.301178944789 0.926280788571 0.226484312789
0.0898339880038 -0.0482351830196 0.994788028536
-0.830267084744 -0.546609354848 0.108971469586
0.945679620393 -0.295323386483 -0.135919656302
