-0.644760538513 0.147678373239 -0.749983297183
0.99593835421 -0.0835848613717 0.0334718622479
-0.647818765204 0.251907663963 0.718939062985
0.60777103513 -0.785068168142 0.119508745402
0.0605287058935 0.551557394177 -0.831937928389
-0.198292393083 -0.403635343274 0.893173351878
0.708799175167 0.0907161364316 -0.699552937149
-0.807244097013 -0.461574748604 0.367839257405
0.631319021265 -0.259716322379 0.730741900591
0.070903471384 -0.877118107217 -0.475012130095
-0.688721865547 -0.591579376096 -0.419161107088
-0.209050974993 0.8743915604 0.437877938421
0.12500345541 0.33389062548 0.934286458401
-0.973842779562 0.226500503349 -0.0181042171138
-0.163759819193 -0.941767888739 0.293693659035
0.317829018132 0.932840138975 -0.16968792046
0.0259468077927 -0.242121305522 -0.969898982667
0.71024628905 0.559287201454 0.427490391916
-0.499205516677 0.808539425451 -0.311541088157
