-0.804344832524 0.526064267467 -0.276198799575
-0.132447978175 0.0467665045508 -0.990086070566
0.206462003866 -0.0324050982141 0.97791786494
0.562589530462 -0.823260241281 -0.0757337133655
-0.778695860444 -0.212191308108 -0.590430017606
-0.275435678524 0.948721674791 0.155120504054
0.495894580128 0.861590927972 -0.108395748237
0.135947716392 -0.785890464701 0.603236600266
0.790932219507 -0.330193485784 0.515168405565
-0.508499884015 -0.344767247745 0.789026877134
0.301453111617 0.695257903892 0.652489439434
-0.460375751145 0.456225930174 0.761519578471
0.477784509659 -0.426128091259 -0.768203626762
-0.121856986289 0.779507840402 -0.614425261235
0.96909598656 -0.0898253060566 -0.229748521705
-0.577182073246 -0.805355072245 0.135144596391
0.558072415298 0.372163429737 -0.741653261875
-0.21582831602 -0.784483779369 -0.581380544834
-0.977256072847 -0.110890764097 0.180758973556
