-0.00519359574805 0.789722140936 -0.613442716706
0.698123593067 0.395248233798 -0.596994373913
0.678417957989 0.203011299844 0.706070454285
0.320876235571 -0.936169496159 -0.143614469701
0.641517877768 0.757434068779 0.121443171715
-0.997153084929 -0.0744514896486 0.0119457484565
-0.619209365333 -0.77829807538 -0.104076259269
-0.695174255791 0.512526412975 0.50403316368
0.998968392924 -0.0446209223294 0.00843345890697
-0.0842615117619 0.254855867222 0.963300827664
-0.681168436935 -0.056717064387 -0.729926527215
0.645452689248 -0.576387813781 0.501166553221
-0.648331568026 -0.264865600525 0.71380136702
-0.726536865158 0.620763308971 -0.294613471862
-0.140298739501 -0.654910531189 -0.74256882498
-0.115851600308 -0.841417254165 0.527821381813
0.0680147417142 0.0825099891441 -0.994266612434
-0.133314706061 0.978025749206 0.160289809526
0.622925303442 -0.404509186644 -0.669579259126
