-0.625555305328 -0.551119175137 -0.552221164727
0.428360576001 0.406614920911 -0.806951995487
-0.164151620823 0.898881121666 0.40628435177
0.928364244614 0.321760290214 -0.186038020213
-0.264647607088 0.0352558863778 -0.963700506661
-0.863270957464 0.208899667723 -0.459482516343
0.888627453646 -0.223132315159 0.400690926474
0.380200642013 0.906773139244 -0.182235961758
0.611565022615 0.498476384066 0.614418031671
0.14335158601 -0.626085425794 -0.766464195117
0.288329661027 -0.219334445659 0.932072104249
-0.286675906124 0.748403705568 -0.598087634332
-0.831694055854 0.468179070562 0.298485100709
0.814520315191 -0.451566533881 -0.364203681501
-0.331174110635 0.288424893349 0.898406806153
-0.443435997477 -0.491321858058 0.74964481452
-0.939022022937 -0.311478114616 0.145667513722
-0.340205896072 -0.935977913926 0.0905830719333
0.448720964341 -0.867290061193 0.215539894027
