-0.853480588766 -0.408270480975 0.323861234117
-0.22059511526 -0.566739594674 0.793816116586
0.19526744415 0.976024213084 -0.096163198408
0.851552987869 -0.481484332495 -0.207437572327
0.217219702878 0.0835604389734 0.972539589796
-0.811497744235 -0.338829317074 -0.476094638693
-0.452983779744 0.818750546812 0.352779304076
-0.304912223915 -0.948027974927 0.09094775678
-0.565531526993 0.165546865981 0.807940794329
-0.448306235277 0.729280218965 -0.516886720314
0.301477144232 0.556792436093 -0.774011443465
-0.137137803188 -0.733590038733 -0.665611657056
-0.950234127082 0.310693924902 -0.022899536174
0.843483033197 -0.137466932409 0.519267960886
0.877163410571 0.429476440272 -0.2147890556
0.429285079021 -0.814467087225 0.390330225266
-0.293281488331 0.0468284250463 -0.954878561499
0.590124074131 0.625581415802 0.510295472578
0.456587103268 -0.22745342547 -0.860112292885
