0.607318996174 -0.643570540554 0.465811760497
0.332058553348 -0.0464451079015 0.942114626306
0.987463512992 -0.000258295148803 0.157847216613
-0.662792077555 -0.743303522929 0.0905899262151
-0.653508870406 -0.0376077082095 0.755984005508
0.0633702759391 0.654027979337 -0.753811389123
-0.152059962875 0.595374402882 0.788927809171
0.729771962007 0.615244986125 -0.298171914367
0.734649836666 -0.592411590903 -0.330663158593
0.602205287236 0.622474795703 0.49987390484
0.0684839451207 -0.612017432535 -0.787873474318
-0.676986980992 0.71220863831 0.185600331584
0.0925876195775 -0.994494237243 -0.0490789648569
0.0691849150582 0.997599303832 -0.00301272662539
-0.159411639534 -0.676142163825 0.719318916392
0.565215177964 0.0244677607472 -0.824580579012
-0.693636337785 0.435664491624 -0.573641945505
-0.685771408894 -0.370790464627 -0.626284285357
-0.999593973895 -0.0114516583094 0.0260911263659
