-0.91237399711 -0.308008100991 -0.269638089152
-0.332819326443 0.637306653278 0.695033470873
-0.0736573645337 -0.849684250972 0.522121888355
-0.397226196557 -0.232467949271 -0.887789390188
0.253200350249 -0.672110280014 -0.695814166379
0.555517645065 -0.3891495541 0.734821590977
-0.16394211158 -0.107131841396 0.980635382092
0.434199624794 0.406926276586 0.803667649749
0.856026500496 -0.17639547935 -0.485904584578
0.958322109202 0.123775837455 0.25748451813
-0.719948588118 0.425968702435 -0.547927636657
0.250761988571 0.941347874113 0.22579327933
0.584890830289 -0.810395412911 0.0340879946203
0.71664215513 0.606889776367 -0.343669639089
0.302933733489 0.212299747123 -0.929064029271
-0.36571929683 -0.901947707236 -0.229651321221
-0.0323104880406 0.850060687435 -0.525692742997
-0.916516667183 0.327406253378 0.229787606334
-0.751998247284 -0.41035643162 0.51585485857
