0.958085135154 -0.255917590435 0.128759701392
-0.413025460433 0.864877667332 0.285300875542
-0.183979394384 -0.688927705086 -0.701092147729
0.201382698609 0.665951166588 -0.718299416971
-0.259135635881 -0.964274855184 0.0549793222578
0.433632931088 -0.790241401123 0.432990772451
0.568362682001 -0.0923526981008 0.817578645062
-0.850906275174 -0.312039738911 -0.422598760304
0.349950860541 0.936329882426 0.0286486733299
0.196483719062 0.622629050216 0.757447829207
-0.571294847766 0.664668941628 -0.481494958386
0.558328723481 -0.73492435888 -0.384909370191
-0.151624852259 -0.454432985097 0.877781616482
0.855039166939 0.40940898905 -0.318264516848
-0.796233062303 -0.462159474989 0.39041200055
0.495966914093 -0.0854570509023 -0.864126097613
-0.292387540966 0.0710508147676 -0.953656808086
-0.524391862157 0.26019916304 0.810746304621
-0.950942974512 0.284270841929 0.12205551055
