0.803030123513 -0.489475851474 -0.339935304956
0.0675141901948 -0.352416466686 0.93340477186
0.571326747042 0.807985997321 0.144029081259
-0.358209449485 0.331846646745 0.872676224807
0.273132143721 -0.290916008663 -0.916933317079
0.743284665384 0.297957397476 -0.598956839425
-0.205378765464 0.918411994914 0.338140459418
-0.919097815094 0.261046980203 0.29515026752
0.4513735881 0.365709043791 0.813952565728
-0.890863852541 -0.0458541451879 -0.451950211423
0.134353533507 0.833889387912 -0.535329446942
-0.638216914573 -0.753983283423 -0.155526133728
0.112734484763 -0.903122439684 -0.414319677163
-0.307185280964 0.271536479233 -0.912088341996
0.978863231357 0.110650811405 0.171997593683
-0.0540720383212 -0.924979639455 0.376150078115
-0.665239188816 -0.443190219986 0.600865418019
0.674440074355 -0.583507321155 0.452382351847
-0.632756247634 0.707573826398 -0.314577194464
