0.567362659278 0.330620942893 -0.754181281243
0.868047768989 -0.211695556311 0.449085807159
-0.224828634735 -0.878425541884 0.421687861301
-0.90942121027 0.227726776801 -0.347985024734
-0.233344847081 0.413355518895 -0.880163278796
-0.363122220306 0.545119966033 0.755636470634
-0.899351350971 0.0316601776044 0.43607886977
-0.130247382861 -0.915702936351 -0.380162796201
0.887254690131 -0.294956490978 -0.354654456155
-0.312502895704 -0.246123775782 0.917477534968
-0.539046213029 0.841913858412 0.0247029397632
0.274342946059 -0.414025441826 -0.867939445738
0.35536570327 0.209079302789 0.911043940809
0.306892634334 0.852169084082 0.423821617106
-0.525513691152 -0.336109000858 -0.781579234597
0.880016431836 0.474854415043 -0.00918499937944
-0.802094806896 -0.593423909554 -0.0670222673465
0.516332164723 -0.85047788502 0.10044133992
0.163030653478 0.914996218493 -0.369056806155
