-0.633410849946 0.54164999462 -0.552635484292
0.39603847235 0.515886334772 -0.759614914292
-0.0461019735085 -0.113044285057 -0.992519822298
-0.995510880296 0.0397751272992 0.0858837962615
-0.631033802954 0.741153399931 0.229102547565
-0.0254445774764 0.968649125193 -0.247126376051
-0.0530716171225 -0.860773012723 0.506214602737
-0.74387657157 -0.251243928601 -0.61929325413
0.496357902854 -0.859972210935 -0.118644969105
0.999082265914 -0.0427443568737 0.00274697850427
-0.632179290756 -0.318231078261 0.706454758047
0.689439185507 0.309939515455 0.654683974332
0.655485412726 -0.48874698632 0.57573019468
-0.0282804789721 0.656956216639 0.753398131089
0.666609324802 -0.309330486966 -0.678193672869
-0.154929789109 -0.796424284719 -0.584555488518
-0.679816998194 -0.733102606834 0.0202340510056
0.0871431214997 -0.101668914806 0.990994201869
0.706160099727 0.706709412124 -0.0435857817269
