-0.576125011615 0.0835617596624 0.813078964993
0.764918818297 0.474036042863 -0.43610667443
0.68228518081 -0.332216057165 -0.651244518909
-0.644654367536 0.304925143935 -0.701028817534
-0.737664804887 -0.469298044886 -0.485396725058
0.116732956612 0.991156710723 0.063101439202
-0.120721161013 -0.987784738983 0.0985277154674
-0.091742666261 -0.559855802296 0.823495454646
0.528852442639 -0.0487556681074 0.847312208541
0.573686757769 -0.715193003674 0.399227343073
0.0433306901516 0.721466499838 -0.691092281033
-0.00478795395472 -0.750261238771 -0.661124155583
-0.59366455829 0.731081357165 0.336277328162
-0.992866919309 0.119227720076 -0.000176938373457
0.0272957713208 -0.0212428288116 -0.999401662542
0.99127927487 -0.117510747411 0.0596374333407
0.727701800533 0.572851899092 0.377214516167
0.0461222060375 0.593121489376 0.803790794268
-0.748421293469 -0.557619031319 0.359063481008
