-0.696036135238 0.333191494452 0.636016608641
0.661378693551 0.435584527211 0.610609812704
-0.0703569419653 0.831330836683 0.551306575961
0.477639808664 0.877838656328 -0.0354895285353
-0.302581086029 0.926324408263 -0.224427665484
0.330964349515 0.559973300546 -0.759534398184
-0.921775193331 -0.318092410555 0.221692830978
0.489489967908 -0.224081456827 -0.84272597683
0.91295211966 -0.266306360487 0.309191444857
0.605519771355 -0.755447371672 -0.250289982084
-0.0892791006021 -0.750089411659 -0.655282470934
0.918185422338 0.25892034641 -0.299826257058
0.338090069498 -0.792703898096 0.507262885347
-0.369856255662 -0.517519613279 0.771608579539
-0.760911800248 -0.316750426135 -0.566288265627
0.00642221362954 0.159797557102 0.987128915551
-0.33865354605 -0.936961225049 0.0861245522669
-0.453468758674 0.387878808405 -0.802443839092
-0.905568173106 0.401315532351 -0.13744863532
