0.625632335083 0.0376524599759 -0.779208876718
0.753542094564 -0.326736569936 0.570453789176
-0.588357119211 0.658579464393 0.469157744638
0.673807143434 0.472594379287 0.568012751726
0.0274872951565 -0.463376995244 0.885734841182
-0.0241836647998 0.336281759021 0.941450863777
-0.0562228297834 -0.35860413119 -0.931795079674
0.583222144872 0.725181708475 -0.366010135686
-0.191033785531 -0.911308878305 -0.364722114915
0.99281859099 0.0988298890423 -0.0674084446904
-0.556422236546 0.764059877989 -0.326506963975
-0.696678523139 0.0742968833511 -0.713525758835
-0.495167730701 -0.786892152043 0.368252168393
0.577100533733 -0.688495914185 -0.439236098374
0.292472370111 -0.915325109634 0.276839044204
-0.0294925438241 0.493668067294 -0.869150176433
-0.992351268531 0.119230418842 0.0319854196145
-0.670247073816 -0.0945953998272 0.736084621747
0.122182707257 0.961014609021 0.248036907123
