0.867630014198 -0.473288391336 0.152368819284
0.761352997016 0.174029467423 0.624544120461
-0.0759575460091 0.805198949234 0.588119973608
-0.975880826492 -0.187792592624 0.111312868266
-0.70823489892 -0.287488296976 -0.644789738639
0.285683634045 -0.682424919665 0.672815792219
0.625443257791 -0.475377584078 -0.618738138343
0.348588584447 0.568541112147 -0.745148980132
0.0606979524777 0.0225327080879 0.997901816629
-0.657677279354 0.254399403614 0.709042692412
0.00225539385841 -0.121615232959 -0.992574757039
-0.805232527778 0.592875969479 -0.00993282545262
0.261424204518 -0.961442469976 -0.0853566764732
0.59463671008 0.793034437941 0.132301032742
-0.537546425592 -0.839469337825 -0.0795931604103
-0.473528757432 0.480257665882 -0.738324515539
-0.509779506891 -0.539257567617 0.67031793212
0.935211638018 0.196949368563 -0.29426202327
-0.118214044677 0.97178959425 -0.204084355471
