-0.00966374613667 -0.388235600076 -0.921509484945
0.768795832521 0.0589115553304 0.636774996798
0.0829835528541 0.351881828729 0.932358787466
-0.658201254199 0.108869953641 0.744928481242
-0.982974247615 0.183116216935 0.0151683757034
0.833523429522 0.4787327754 -0.275778211966
0.657926916778 -0.675335667243 0.333247518714
0.122440086308 -0.447991857714 0.885613753669
0.498948031239 0.773332073783 0.391162837934
0.247537374865 0.371160784665 -0.894966435109
-0.716957932723 -0.0875439164783 -0.691597704878
-0.465973658629 -0.790455467204 -0.397553397459
0.727053319699 -0.223186566837 -0.649292866661
-0.786517355553 -0.542650967263 0.294822619794
0.332401819547 -0.865435709097 -0.374873397005
-0.410379172401 0.817424572989 0.404235083007
-0.572375200631 0.670405102208 -0.472169067851
0.172131965611 0.930095735407 -0.324488072806
-0.0952063447591 -0.949608462056 0.298629403624
