-0.162091259358 0.113070331773 -0.980276248673
0.541630349393 -0.805449647185 -0.240598068293
-0.00543472669189 -0.208133832369 0.978085257822
0.987030779445 -0.114911301636 -0.112096535115
0.733738452878 -0.192886298312 0.651477366216
0.244490239786 -0.821602499263 0.514969762077
-0.333095282765 -0.942149950692 -0.0374299747586
0.308494773947 0.943348424367 0.122166790463
0.692754665854 0.547968955691 -0.468850718818
-0.0632823590376 0.809993568568 -0.583014375391
-0.0787005948785 -0.65709639203 -0.749686966638
-0.637073351307 -0.512347262775 0.575880046001
-0.757235882875 0.401163168727 -0.51542402907
-0.967012268654 0.132615300461 0.217486676271
-0.463094677674 0.426910139401 0.776718129302
-0.498261138023 0.861667576901 0.0962539622718
0.341709237994 0.498908126574 0.79644552727
0.570390323556 -0.178297275082 -0.801788600874
-0.802096393903 -0.407806498166 -0.436274265733
