0.437626254747 -0.760580439957 0.479583835749
0.636724198188 -0.710969785267 -0.298503366611
-0.766673304751 -0.0609775264811 -0.639135185267
0.179934467235 0.594536539206 0.783677159964
-0.792294557889 -0.608116062278 -0.049640591639
-0.0863103908345 -0.992603595217 -0.08537341036
0.542961409302 0.605605604629 -0.581751458659
0.155845509806 -0.187975282272 0.969730617403
0.971378077041 0.0182257487725 -0.236838454491
-0.136655953178 0.348320831992 -0.927360635601
-0.520500951778 0.744977984259 0.417236817846
0.489699122992 -0.15213949815 -0.858515196163
-0.981795559183 0.158593124553 0.104526077196
-0.596671944781 0.0420202002754 0.801384360392
-0.617963160657 0.688534026133 -0.379529217489
-0.352964044287 -0.702596079598 0.617879545198
-0.18210276651 -0.596379761104 -0.781773472929
0.730074211217 0.653628157672 0.199403805414
0.83180858391 -0.062749007729 0.551504344283
