-0.12858884517 -0.956698645853 -0.261137147722
0.148657916566 0.542089971487 0.827066676064
-0.85232222268 0.438259621613 -0.285438842469
0.352814852357 0.290198047762 -0.889554255249
0.929324008693 0.114117921062 -0.351189389019
0.338142729303 -0.856042064438 0.390962246941
-0.759467317303 -0.482775955719 -0.436046752685
0.782691320754 0.530214260824 0.325986401611
-0.579504131269 0.682079924504 0.446029078011
0.135117986154 0.979751696534 0.147748918633
-0.438734440659 0.101755328826 -0.892837019637
0.680564760321 -0.661599265095 -0.314830143784
-0.461900675127 -0.757262000249 0.461738052683
-0.952591659903 -0.140191399917 0.270028703794
0.310660573681 -0.24441362267 0.918559736225
0.893457508633 -0.269681484031 0.359173464272
-0.456065492458 0.00958083046114 0.889894642234
0.118588272142 -0.483014229903 -0.867544854991
-0.187922408192 0.799307032713 -0.570783177708
