0.107880884754 0.901880006576 0.418299137512
-0.827946003933 -0.219871711838 0.515908756376
0.913289040114 -0.380984466133 -0.144062367651
-0.767235990525 0.308616046911 -0.562232221091
-0.30632081534 0.909704614753 -0.28036596082
0.682902126192 0.140579247469 -0.716855746453
-0.370538788267 0.350679572113 0.860072580712
-0.860932932592 -0.435955660081 -0.262177703137
-0.420958725801 -0.869244066414 0.259246030202
0.352959266382 -0.934953873509 0.0357912096268
0.435385563956 0.290505104422 0.852083443686
-0.821029149181 0.529527790478 0.213334140039
0.64534419998 -0.453079062303 0.615020509296
0.373769010983 -0.606026151625 -0.702160259467
-0.128019631658 -0.421882161689 0.897566942105
-0.0429146131632 0.450636604736 -0.891675381767
-0.356740698614 -0.310218992843 -0.881192516101
0.495496225578 0.812135680914 -0.308089477628
0.91486341316 0.348408443828 0.204050218161
