-0.323369536707 0.198423130967 0.925235323487
-0.18527803318 0.930662380859 -0.31549894338
0.332393980307 -0.90904339708 0.251305280646
-0.889752090978 -0.115965185876 0.441467204065
0.70626668178 -0.590311925688 -0.390793045738
-0.936216516668 0.06063388313 -0.34615338527
-0.722409050865 -0.682590603805 -0.110432019023
-0.361023712585 -0.70320752073 0.612503927939
0.242723626107 -0.225307782839 -0.943568568956
-0.374819373662 0.292595934546 -0.879714758439
0.381064032091 0.546335964301 -0.74586005226
-0.0451532877313 0.846661757782 0.530212267414
0.939664310604 0.177487359564 -0.292453792198
0.556453276779 0.830822558484 -0.00967610851745
-0.0475126150498 -0.851406134862 -0.522350595799
0.292943680435 -0.324219704976 0.899480729643
-0.746895805452 0.638067088183 0.187128423215
0.620359302534 0.400304231904 0.674470798241
0.883759956723 -0.313179328413 0.347688146402
