-0.237812248995 -0.353936725243 0.904529783231
-0.26183443777 0.448548898616 0.85454468154
0.0233506087757 -0.99414413245 -0.105509208056
0.451505719543 0.0783735105132 0.888819541904
0.896248954446 0.347908692444 0.275131520144
-0.533013705507 0.166849781262 -0.829492338864
-0.234938863306 0.83565791389 -0.496467100079
-0.949751498443 -0.195383713871 -0.244534855509
0.0475005928211 0.950429345281 0.30729099126
-0.849579899652 0.00741913709056 0.527407764934
0.874564574791 0.0707875465495 -0.479714423146
0.248567478211 0.340706831071 -0.906715536448
0.359405060767 -0.45095149866 -0.816988829882
0.544012167546 0.782497264889 -0.302900630577
-0.699541616323 0.699532845016 0.145929180687
-0.412914457483 -0.619276492498 -0.667831024018
-0.633419992928 -0.724250608446 0.272470491476
0.748545340763 -0.647899424868 -0.141089362028
0.435076214657 -0.671948622748 0.599327736574
