-0.412968065651 0.746648871561 -0.52151015268
-0.92101706992 0.389495563011 -0.00455667758248
0.548911993168 -0.258544603454 -0.794890125603
-0.782523505723 -0.125220295643 -0.609899041277
0.428242394732 -0.86147117438 -0.272902669584
0.212658989223 0.975150806001 -0.0621052321373
0.513257251005 0.53736868635 -0.669180012569
0.955844799436 -0.276787206844 -0.0987398679338
-0.393930894538 0.805966023239 0.44185656011
-0.904276284197 -0.404384496996 0.136958316389
0.377587911297 -0.762125977195 0.525919541496
0.359514691207 0.64121854005 0.677929178235
0.859164577225 0.508301739487 0.0588690995057
-0.254632618391 0.193236172761 0.947534701838
-0.121364423017 0.149550623449 -0.981277375594
0.755624116509 -0.0609110146556 0.652167189333
-0.168479837522 -0.625691605513 -0.761659083277
-0.320295314574 -0.947198805945 0.0150111118043
-0.380186989754 -0.572260317395 0.726619557923
