-0.804430821968 0.583339640036 -0.112276075056
0.692674743741 -0.00256189304538 0.721245544934
-0.293694635484 0.606722057805 -0.738668941855
0.362012103811 -0.727352021978 0.58301481355
-0.385847564846 0.6690264748 0.635236359726
-0.139710365426 -0.990174334275 0.00598343838463
0.325712521635 -0.729388578508 -0.601584287355
-0.724312412969 -0.0755451261242 -0.685320700357
0.479873505724 0.703506911381 -0.524213166702
0.754149395216 -0.0457633469921 -0.655106407974
-0.0668601993985 0.0203824320213 0.997554143995
0.883569627483 -0.467766787144 0.0223371044217
-0.435087609818 -0.614429766588 0.658160188491
0.940355454737 0.338744223084 0.0313682972624
-0.824509652088 -0.56375456043 -0.0486274532407
-0.10966943504 0.992587621707 -0.0523681988711
0.427034071718 0.748759356657 0.506952983432
-0.87379464606 0.0421762903743 0.484462668373
0.0221950588366 -0.0918512754188 -0.995525350037
