0.268825238507 -0.208742607861 0.940297567159
-0.893530751531 0.361003853416 0.266981298761
0.479861987808 -0.852590656401 -0.206933915235
-0.76681594157 0.359293247436 -0.531885019625
0.0869949547745 -0.861831100282 0.499678929344
-0.0922006868773 0.903821868808 -0.417857706406
0.819101464713 -0.422644044481 0.387872146681
0.295549348192 -0.414234577845 -0.860848591392
-0.286090669571 0.885190117728 0.366865894111
-0.60385963676 -0.467838110121 0.645353423955
-0.927022803944 -0.364402984152 -0.0885391783844
-0.0785905848953 0.296746342147 -0.951716937113
-0.379473916882 0.271188391027 0.884565657811
0.605264161338 0.533281201247 -0.590987694793
0.358016907866 0.569482297798 0.739941758638
-0.507502028203 -0.366716577404 -0.779718310178
0.905419224091 -0.187477162647 -0.380878382339
-0.341296702054 -0.917639268759 -0.203604355549
0.895163331938 0.417947757864 0.154926695082
