0.590010047335 -0.776940627711 0.219662024612
0.977375937726 -0.0672426459552 0.200536038954
-0.697508274734 0.42339565352 0.578116188372
-0.492297584436 0.867989215483 -0.06509846515
-0.607625954543 -0.370278182835 0.702627046648
-0.82689192102 -0.55995254354 -0.0519894213777
0.70013152544 0.691830974152 0.176594876171
0.68459244518 -0.497328368984 -0.53291432464
0.512151776777 0.244691969916 0.823302130085
-0.949366090808 0.220399393808 -0.22389312815
-0.0327660679909 -0.868112349183 -0.495285103738
0.00588903820435 0.821722249796 0.569857757181
0.794367817342 0.303548406692 -0.526154098688
-0.415292080195 0.482252143864 -0.771339975539
-0.552792482419 -0.314361574649 -0.7717494877
0.177501101425 -0.0249389683401 -0.983804557242
-0.199365175215 -0.935123668276 0.292911679421
0.177470665791 -0.49056173117 0.853143218161
0.219009276164 0.866168707993 -0.449206752229
