-0.597209302988 0.662480823879 0.452172761693
0.204757976575 0.744914808933 -0.634961493684
0.0633127818403 0.990531585527 0.121814078532
-0.9729785014 0.0818717969643 -0.215893132536
0.391828971164 -0.851150135114 0.349304315537
-0.605416038061 -0.782895856445 0.143337011339
0.26078437144 -0.327421447622 -0.908177684845
0.981532800918 0.0254418945123 0.18959449023
0.533256909182 -0.209403307136 0.819626331794
-0.824454460206 -0.106052417286 0.555902624417
-0.34196086218 0.21918304021 -0.913795143137
-0.593248385302 -0.496087402503 -0.633998140703
0.761106791161 -0.568808804905 -0.311725834526
-0.120307706613 0.248551473118 0.961118213822
0.554180859337 0.569879056695 0.606730117832
-0.199383361813 -0.550290741514 0.81081833652
0.0392115326439 -0.926645184001 -0.373886558564
-0.550954434949 0.758052197942 -0.34900727185
0.792775742153 0.193524558687 -0.577974798619
