-0.688735313632 0.0225540797416 -0.724661977231
-0.0391303151908 -0.998381303429 0.0412745853644
0.191335686105 -0.635683168959 0.74786199524
0.980762538327 -0.000969465317477 -0.195202211951
0.722783084479 0.667629453562 0.178481162949
0.116253514914 0.1335530982 0.984199517492
0.712237341443 -0.689370589777 0.132235242675
0.56637904631 0.557681378531 -0.606800013135
-0.611164238995 0.352823241959 0.708515372386
0.557974439532 -0.523804256934 -0.643656449705
-0.225687639749 0.704030481501 -0.67335441662
-0.236233363854 -0.652969592832 -0.719600242245
0.0321092110276 0.821782542254 0.568895818067
-0.757239433939 -0.645159223804 -0.101774336783
-0.591933648819 -0.454043301055 0.665927350514
0.0897793452969 0.0332252303822 -0.995407330305
-0.99262750223 0.115528980172 0.0366564667731
-0.582289542086 0.811795909731 0.0438895217856
0.804489279952 -0.0301405356801 0.593201944157
