-0.261406318467 0.445305092213 -0.85637031214
-0.950322183416 -0.308550479607 0.0410408240917
0.443598725072 0.700486060996 -0.559052277936
0.92744349535 -0.223482808519 0.299839952691
-0.623781875616 0.638416539568 0.450910738017
0.885180173689 0.0322473863283 -0.464129471357
0.519718959221 0.238381821382 0.820406186386
0.0306750861541 -0.984342754076 0.173575290834
-0.0888390134603 -0.794222445356 -0.601097610193
0.149401941697 0.866686364575 0.475955675748
-0.859375048173 0.421585989757 -0.289378264247
-0.491513638285 -0.587401907759 0.642941165381
-0.247782371674 0.943068669542 -0.221867935527
0.266695908306 -0.158187312725 -0.950710295824
0.816410778971 0.559693142714 0.142186588606
0.644280777963 -0.713799024422 -0.27457828006
-0.266627810933 0.121019250282 0.956171507366
0.300322570654 -0.537104077343 0.788242071738
-0.663219640961 -0.238435746494 -0.709428010891
