0.522900241287 0.561753897721 -0.641098975243
0.209656452475 0.164164525661 0.963895316126
-0.578467086994 0.0682376741327 0.812846510169
-0.3820801587 0.644194056803 -0.662592461101
0.7035729753 -0.245544509097 -0.666853029145
-0.979447722216 -0.141885670288 0.143354860445
-0.611403103419 -0.757362326612 -0.229321938241
-0.772714580744 0.633168927784 0.0448250554267
0.804990037101 -0.590453078144 0.0579327427078
0.0851371506283 0.991154605298 -0.101804783675
-0.748201994836 -0.076486881698 -0.659047442792
-0.21260816556 0.76068912113 0.613310548524
0.0486444174744 -0.718287113378 -0.694044194129
0.103942844503 -0.992510528357 0.0641773805782
0.576088605646 0.676994236743 0.458040087614
0.020224204686 0.0294629313731 -0.999361254612
-0.457070784808 -0.690087695658 0.561128568134
0.347827025325 -0.59523768961 0.724367623049
0.980396785906 0.191585360912 -0.0460129510981
