-0.405987279532 -0.287904097188 0.867343968493
-0.171187652096 0.629664910976 0.757770999482
-0.89717795721 0.292907907151 -0.330570221019
0.252627172115 -0.476556117352 -0.842065186861
-0.414432050733 -0.785617954003 -0.459402335295
-0.317183344108 -0.88730151915 0.33479955247
-0.837033042894 0.274119685204 0.473533613683
0.588775486318 0.644382745455 0.487969572895
0.429143949876 0.310436545607 -0.848212603912
0.423131853029 -0.690173107695 0.587043879422
0.90666747069 0.370876303511 -0.201009614412
0.333934800527 0.0284965180628 0.942165323845
0.327883536954 -0.927834434331 -0.177807898205
-0.908572954205 -0.413638711446 0.0582941101698
-0.279747569297 0.663062730141 -0.694326373812
-0.459692557708 -0.100354160645 -0.88238982022
0.318305363903 0.922284026787 -0.219257540905
0.913409727718 -0.406844132373 0.0126696986339
-0.488642114429 0.870649360716 0.0565559430172
