0.194073590586 -0.632149739264 0.750148084437
-0.715618929724 0.537707169118 0.445825692059
-0.48417584623 0.0729252875749 -0.871926403064
0.316024783364 0.1243482815 -0.940566765938
0.330437363629 0.79911951818 -0.502214241516
0.615515211909 0.716046817144 0.329268856054
0.61266066371 0.0551024778897 0.78842287389
-0.00452779963609 0.570541397861 0.821256362141
-0.11951412966 0.983027325236 0.139189261981
-0.407807362204 -0.120851125245 0.90503489483
-0.731719223632 -0.541149376296 -0.414420475243
0.818913999806 -0.513098339881 0.257118561238
-0.0309666381474 -0.589438979468 -0.807219150421
0.913954248048 0.289456113656 -0.284434158887
0.260438720614 -0.958832293243 -0.113191458334
-0.427851574317 -0.855749768539 0.290921577062
-0.927324082939 -0.224770528848 0.299246143774
0.714134466244 -0.44769203888 -0.538129912239
-0.669426600236 0.655849230442 -0.34889799917
