0.286066059493 -0.949180355915 0.131235900387
0.446134007743 0.736712615318 -0.508152506209
0.767610839849 0.369085793157 0.523974499223
-0.916596673318 0.377443317954 -0.131860078092
0.405437586483 0.0385869759459 -0.913307948479
-0.492092521579 -0.867621572814 -0.0712583791207
0.256287845739 0.933036481449 0.252506365093
0.687164760491 -0.565433055119 -0.456168885522
0.955981864049 0.170217967083 -0.239007362421
0.350352355359 -0.202384989333 0.914490865557
-0.351187705002 0.320675210855 -0.879678694183
-0.773611562071 -0.291156273499 -0.562808293677
-0.24906398683 -0.690652197111 0.678945265165
0.855956247454 -0.40748716237 0.318265792928
-0.0574339189779 -0.646428537672 -0.760809759818
-0.886391825657 -0.301091501603 0.351643909475
-0.321671977567 0.894285510908 -0.311095747042
-0.498757270882 0.733976954909 0.460997846421
-0.41164645659 0.0668972581798 0.908885004621
