-0.0311141900861 0.96513104222 -0.259911482083
-0.144012376166 -0.936623397211 0.319369765801
0.502628473266 -0.576773563629 0.643969622079
0.515987252416 -0.29180353676 -0.805361938062
-0.388361684984 0.471969517001 -0.791466977617
-0.92944136652 0.0489250151276 -0.365711756848
-0.716328452994 0.694063556016 0.0717588157742
0.699755445774 0.713986523345 -0.0237815178355
0.120224424646 0.842933246801 0.524413605044
-0.286881545047 -0.327324524471 -0.900309743805
0.374805895906 0.17931937977 0.909596119403
0.784034589604 -0.61038397799 -0.112788127553
-0.491449970745 0.382250163474 0.782535455285
-0.890179831956 -0.229502983301 0.393583850578
-0.660416289665 -0.705348556955 -0.257553368347
0.103309371944 -0.887847985646 -0.44838948254
-0.239202237018 -0.377217690952 0.894700566356
0.417964605857 0.508587447093 -0.752757860743
0.937201289641 0.0363273349167 0.346892011199
