-0.259348813642 0.02413123548 0.965482198871
0.20901427944 0.319985949268 -0.924079013538
0.918397929477 0.203883062293 0.339082497398
0.177293448174 -0.879653281871 0.441335628437
-0.910853942295 -0.258778691748 -0.321525558088
-0.270714643114 0.885144746544 0.378460512695
0.331892963775 0.53437185374 0.777363352961
0.0372682027938 -0.936902678585 -0.347598118407
0.483937839173 -0.418600746678 -0.768490457128
-0.873167407139 -0.128333710336 0.470222434494
-0.571356579755 -0.804989665488 0.15982270561
0.484122779535 -0.252051093108 0.837911320367
0.858670817662 0.22234352961 -0.461787593743
-0.120352528392 0.903917477744 -0.410424734072
0.525665445178 0.848297241328 0.0637779750428
0.833698089849 -0.550260962972 0.0464797548622
-0.574524122647 0.333459200874 -0.747480430412
-0.860161343762 0.509716371555 -0.0176545536752
-0.315096958089 -0.419692213018 -0.851218158485
