-0.466426264471 -0.410765312174 0.783401811414
0.92249883022 0.379732795225 0.06927418331
-0.956682901312 -0.240757304893 0.16368795459
-0.831834319249 0.144216750786 -0.535960067648
-0.098692514413 0.939237269449 0.328775210862
-0.800763750711 0.548609452161 0.240426879834
-0.0820365539084 0.293243563212 -0.952511530879
-0.506138902382 -0.589597227873 -0.629443023934
-0.461541937977 -0.878387402908 0.124155587474
0.209860563045 -0.796743826482 0.566707878048
0.263874984198 -0.937368341803 -0.227399614117
-0.318994378842 0.379373422349 0.868515050349
0.39656674974 0.865600748153 -0.305728895915
0.893725818492 -0.404718968706 -0.193537380705
0.69196335008 0.217775405376 -0.688302691379
0.776513770535 -0.220848752193 0.590128962875
0.252703744032 -0.437899071552 -0.862777619602
0.464522988052 0.513062591333 0.721793025005
-0.403544731244 0.81799757488 -0.409916598072
