-0.907375000777 0.402545241466 0.120946006707
-0.386547027792 -0.766857064342 -0.512358895867
-0.703024653263 -0.122387816527 0.700555179319
-0.105849677982 -0.17015964473 -0.979715030494
-0.394906448342 -0.815880107251 0.42236068431
0.960342513064 0.259012825514 -0.10322118882
-0.0090625877753 0.180220154051 0.983584549277
-0.32100864104 0.947049304343 0.00714615430098
0.243941243035 -0.968570635997 -0.0486167978205
0.620002897123 -0.503837516104 -0.601451714542
0.267167969661 0.797495184768 0.5409461214
0.442110925919 0.86272707884 -0.245438213445
0.852772766671 -0.489574703086 0.181920912824
-0.917739618308 -0.396123651767 -0.0289835384046
0.732729774763 0.147741106202 0.664288824769
-0.769005971067 0.127567091733 -0.626383631308
0.290288849098 -0.552976864238 0.78099229939
0.541026030199 0.277390465008 -0.793942922741
-0.169107152585 0.658561588997 -0.733279895021
