0.210669991465 0.96331251395 -0.166274337056
-0.131688194824 -0.970756466668 0.200723944179
0.410611334515 0.708404822098 0.574073984775
0.624104978033 -0.0743123723282 -0.777798590712
-0.951368407861 0.257623803897 0.168902718126
-0.546041947819 0.0493915860561 0.836300581399
-0.557517231831 0.765659127187 -0.320843633514
0.882767565541 0.0615612976245 0.465759199442
0.236015191561 -0.822378959657 -0.517677192917
0.250808383436 0.0210139989121 0.967808641544
0.86357546838 -0.488147909254 -0.126289465531
-0.55947421471 -0.707228192897 -0.432223190315
-0.801287584095 0.0461715375116 -0.596495093609
0.850515437282 0.473643326311 -0.228660207265
-0.411170919078 0.778474714103 0.474252669794
-0.1431634704 -0.254488830916 -0.956420229649
0.0479101130854 0.533088809523 -0.844701688305
0.501775448104 -0.64194203014 0.579768772546
-0.7922110069 -0.520373106428 0.31876880439
