-0.501213250081 0.813914040242 -0.293818333397
-0.531777221991 -0.799607807934 0.278998816596
-0.0296358818119 0.239407356829 0.970466811388
0.44952404533 -0.699752617315 -0.555224645735
0.904596117758 -0.423604844249 0.04758991139
0.657521445617 0.0518373584522 -0.751650475169
0.030702826874 0.548627778367 -0.8355027811
0.498133089157 0.67334210023 0.546327595445
-0.591478466526 -0.628910962688 -0.5046030367
-0.689578023726 -0.139655534909 0.710618379135
0.28482183693 0.941279425452 -0.181299653692
0.925802090654 0.37243953309 -0.06464737529
0.666140866236 -0.0916419158741 0.740174375121
-0.963710650669 0.258210277259 0.0677438890547
-0.711600423691 0.144952242017 -0.687469042602
-0.0633716314772 -0.238813140742 -0.968995521214
-0.473157035484 0.722128576614 0.504631289764
-0.0041948797574 -0.552618793084 0.833423585288
0.252366434878 -0.950144688162 0.183129064065
