0.467233537357 -0.651342381255 0.59786781478
-0.0413812990897 -0.0787162170075 -0.99603782321
-0.86107292734 -0.508427060914 -0.00743892017999
-0.330216631265 -0.772629595378 0.542218115505
0.708583620122 0.00461255267598 -0.705611775449
-0.765711839193 -0.0365361992987 0.642145221473
0.435795731428 0.812333434682 0.387551895064
-0.294137714872 0.635567243352 -0.713818803246
-0.273561215139 0.59533243174 0.755475715884
0.443048892731 0.791661505178 -0.420689600381
0.670374154569 0.119625550026 0.73231702197
-0.355709292695 -0.712593110853 -0.604716427307
-0.27146541723 0.962110369437 0.025498318958
0.87286164491 -0.481270395013 -0.0805689501529
-0.894468843814 0.447073840749 0.00710410895702
0.947479683401 0.31981571485 -0.000397589781828
-0.0444968928337 -0.160189687606 0.986082801043
0.227680046692 -0.967893633574 -0.106506856239
-0.766149624431 -0.0169997566314 -0.642437359794
