-0.835255069784 0.50731547649 0.212084831408
-0.163671835192 -0.710041015269 0.684874650575
0.880223993371 0.12133962705 0.458783626999
0.379580266745 -0.474697973356 -0.794091087464
-0.0127184193574 0.207495162154 -0.978153361949
-0.79351833042 -0.216986673091 0.568546781706
-0.161871102511 0.951433662733 0.261862046869
-0.559050697168 -0.829074716843 -0.00987075922167
-0.431027328157 -0.459746422559 -0.776433299985
0.92081229314 -0.32714903964 -0.212316336314
0.700906413659 0.357433175583 -0.617229069539
-0.3381544691 0.418228827242 0.843051720295
0.610957079437 -0.640644812321 0.465086735494
-0.96115533026 -0.161473491794 -0.223845354121
0.279351568383 -0.0908090517857 0.955885148622
-0.650303969336 0.496946907855 -0.574585518647
0.222662538815 -0.960400901684 -0.167485825829
0.610282489141 0.787197463363 0.0887436596262
0.0690359673278 0.859110127991 -0.507113225225
