0.0773833347808 0.99640719888 0.0344167621712
0.134689837087 0.0135636486036 0.990794971335
-0.878045527688 0.449310750937 0.164790474236
-0.283301900761 -0.748458839249 0.599624381572
0.762353544478 -0.629420817032 -0.150487568618
0.0436517308292 -0.994332155569 -0.0969437506854
-0.294713864916 0.675698296736 0.675703743969
0.321878364508 0.674114562075 -0.664803636919
-0.467058905228 0.729673237929 -0.49943262298
0.507552048026 0.615920169238 0.602522417566
0.366941483694 -0.428536677651 -0.825657473443
-0.870613091665 -0.478281486282 0.115237426657
0.950127913452 0.00586303469116 0.311805344571
-0.854119727817 0.0209176531591 -0.519655599739
-0.19427231675 0.133822443798 -0.97177663096
0.86775395027 0.106287063693 -0.485495769171
-0.648058384973 -0.0458039905823 0.760212025762
-0.398891689058 -0.630119101341 -0.6662096806
0.510475471653 -0.59948470265 0.616468072271
