0.43402557124 0.846324304214 0.308799248067
0.0525755116531 -0.444844309523 0.894063395884
0.00331809017402 0.273422118888 -0.961888421378
-0.247901650097 -0.95880936438 -0.138670020753
-0.855318995609 -0.442055258016 -0.270215774169
0.952014307108 0.306030759625 0.00373272343497
0.238535567362 0.341596098021 0.909072543266
0.76694346183 -0.193029671436 0.61199450349
0.421008797973 -0.854953676431 0.302994724684
-0.731290164494 0.273626037632 -0.624774748885
0.713470129461 -0.0106723808694 -0.700604363856
0.473198665788 0.731865800111 -0.490362593725
-0.30280082046 0.893324713516 -0.33208827042
-0.532725387474 0.110180350475 0.839085187517
-0.245440178925 -0.489686212154 -0.836640025457
-0.956019224853 0.248517776958 0.155775980973
-0.624998836845 -0.610960587894 0.485904943361
0.444147735781 -0.745170527437 -0.497447156831
-0.357092971337 0.807349444636 0.469756835042
