0.696767026347 0.0265532465404 0.716805856626
0.725208009632 -0.635613067919 0.264706196861
0.561293339117 0.784337727996 -0.264128975891
-0.220225556194 0.9544619021 -0.201254023162
0.651203382603 0.147957123619 -0.74434054307
0.582692630152 -0.620628085066 -0.524680930464
-0.504623754721 0.70049532475 0.504639639916
0.997817787976 0.0606608905492 -0.0260752441161
-0.96021009979 0.27925074432 -0.00394791810997
-0.0324120979425 0.247101668947 0.968447324902
-0.61509226233 -0.734746009622 0.286024142627
0.0859283280007 -0.576089172376 0.812857667687
-0.689096875733 0.04882413929 -0.723022613254
0.391715522532 0.759302186566 0.519633658344
-0.50137110215 -0.700808937992 -0.507438518798
-0.723437068461 -0.0492981492863 0.688627984076
0.00506439607575 -0.27520876483 -0.961371149793
0.0732152001985 -0.99679813519 -0.0321405062467
-0.0519306378332 0.518585659628 -0.853447199587
