-0.430088690562 0.900182557164 -0.06852066862
0.861559802555 0.340046007661 0.37693954329
0.35433698206 -0.923702591508 0.145666830769
-0.493190298223 0.0460591533978 0.868701262879
-0.899882948106 -0.153468416299 -0.408237828853
-0.471623733209 0.453344537088 -0.756339728539
0.481419798689 -0.601315448773 -0.637694839635
0.849340612705 0.305534777071 -0.430428883336
-0.382167489971 -0.905058265296 -0.186594603428
-0.287950586113 -0.447955594579 -0.846416118255
-0.143559314406 -0.669113073444 0.729162820084
0.299290436809 0.912340961074 0.279390775046
0.232514386052 0.819272580585 -0.524146448028
-0.913152781246 0.330006254489 0.239265271406
0.927918320732 -0.372778774335 0.00189088739693
-0.818821927962 -0.467093693752 0.333697664879
0.590892495197 -0.331879195743 0.735324594008
0.239296483891 0.386897309163 0.890532236901
0.25913741124 0.136719551144 -0.956114829103
