0.168230057442 0.466344678832 -0.868459146016
-0.532860046326 0.348718665638 0.771009379492
-0.950559977448 0.299819364608 0.0808954750236
-0.24220251114 -0.396628812635 0.885451031162
-0.220958123075 -0.818804444436 -0.529846005571
-0.476711825808 -0.130504048715 -0.869318427507
-0.388054779155 -0.884760287219 0.258094406246
0.544938111767 -0.792703445778 -0.273246594483
0.369829652289 -0.772993635537 0.515467620425
0.310059157571 -0.328923619805 -0.892004804438
0.507665466994 -0.0326768643977 0.860934373896
-0.563141903485 0.610890491133 -0.55649259149
-0.867696818029 -0.44513083272 -0.221270815392
0.863023708025 0.109661789711 -0.493116995514
-0.411175762948 0.892454477582 0.185632694877
0.824948254499 0.52010662289 0.221245289722
0.935553492161 -0.280421590261 0.214717011484
0.190746670361 0.699146795133 0.689064196285
0.2871956037 0.932480661627 -0.219085601778
