-0.342736752293 -0.928101220505 -0.145463545693
-0.38947681356 0.776555880521 0.495246177296
-0.739810057326 0.0726734853839 0.668879393913
0.910914366101 0.402715688597 -0.089750163167
-0.530856818931 0.401695029477 -0.746211860726
0.076991664826 -0.0641118021095 -0.994968321293
0.370825987255 -0.602387146652 0.706836482311
0.385745884741 0.872499380965 0.299908223662
-0.592544728864 -0.399760142639 -0.699344387732
-0.898053550398 0.438822494622 -0.0305718633985
-0.426115423825 -0.666676846979 0.611528925955
0.769683955527 -0.198041812652 -0.606931667526
0.917683716088 -0.360157220441 0.167759869427
0.408249946362 0.601777576293 -0.686436981788
0.705197663532 0.23236850453 0.669851575687
0.450056064522 -0.852939081641 -0.264470152939
-0.918921064852 -0.392730422121 0.0367000287583
-0.18479599389 0.946448471496 -0.264737098731
-0.00582082213331 0.0465890373925 0.998897181708
