-0.323252985381 -0.917108949128 -0.233278123429
0.263070915619 0.509468184889 0.819289852214
0.815962386047 -0.0220760422425 0.577683332732
0.72131247596 0.669307848729 0.178144086779
0.389747219517 0.737728806353 -0.551228911757
-0.306193262116 -0.369544830964 -0.877315396048
0.267311595658 -0.576972375472 0.771781956753
-0.487564365725 -0.699058084915 0.523066710076
0.726566125076 -0.676662518983 0.119287473342
-0.248776667544 0.96150444956 -0.116702027239
-0.908180822451 -0.0218236097713 0.41800876042
0.394710561296 0.0224206461742 -0.918531919656
0.948845580052 -0.00995318287428 -0.315583585389
-0.306396258718 -0.0427788171039 0.950942324987
0.364287846575 -0.714251686073 -0.59761098867
-0.882927466996 -0.345902185064 -0.317475615431
-0.492818083215 0.646912290444 0.581923384415
-0.861503890047 0.45306799416 -0.229217015296
-0.312616888368 0.457808802856 -0.832275063387
