-0.873398825766 0.233782346049 -0.427223952777
-0.246952944174 0.243933079132 -0.937822422567
0.766301856299 0.374947034329 0.521724243716
0.930624796774 0.256795780735 -0.260755469024
0.263054785014 0.951600253914 0.158931233029
0.28665435346 -0.897473922447 0.335216109653
0.895010853889 -0.373189844506 0.244304955698
-0.377846810309 0.864891334891 -0.330446314506
-0.122650155149 -0.575537157144 -0.80852576965
0.498022965976 -0.0609406657978 -0.865019861398
-0.946385600137 -0.086479733043 0.311248376103
-0.402223252806 -0.116592026438 0.908087415546
0.0415564437144 0.554507794061 0.831140281969
-0.50401973098 -0.753857490599 0.421500883333
-0.638054875466 0.654681850256 0.405311794597
0.401821986228 -0.256445367341 0.879076142865
0.356997332171 0.696883797488 -0.622017586264
0.561709270513 -0.721872627615 -0.404206141616
-0.765085505436 -0.559724433637 -0.318359431714
