-0.900662058256 0.108308082917 0.42080543722
0.397860197624 -0.90583112785 -0.145523987591
-0.333057635121 -0.182254500965 0.925124807021
0.203117220796 -0.518976144357 -0.830305459578
0.106269085906 0.273472265604 -0.955991527853
0.108763965969 -0.790224394659 0.603088555515
-0.863506688822 0.369716678077 -0.343024454393
0.844312540708 0.40462266815 0.351307315641
0.259216708259 0.948773283093 0.18065424282
0.636128230699 0.622731100183 -0.455573101678
0.848172857003 -0.155475703193 -0.506389287367
-0.194369698035 0.854583193425 -0.481568256845
0.467208509959 -0.0785871164604 0.880647644264
-0.537772000912 -0.195463537652 -0.820119064822
-0.533505642791 0.807843700235 0.25052002934
-0.0263906236824 0.559222940774 0.828597150305
-0.658579931824 -0.660416575005 0.360724854781
-0.375657304534 -0.848577237477 -0.372556387123
0.877803600011 -0.400179600655 0.263281459711
