-0.41300576352 0.85561057401 0.312020488015
-0.656758715941 -0.12365591358 -0.743893274652
0.907838671108 0.400301356556 0.124850995908
-0.872734403334 0.441621763081 -0.208098245093
0.10999041598 -0.0620032289498 -0.99199682862
0.400656258428 -0.91263664723 -0.0810488292027
-0.290090818571 0.317785870471 0.902695661621
0.868151848902 -0.384562994385 0.313725470112
-0.385821841994 -0.916552943333 0.105224561334
0.63639729385 0.437105597246 -0.635560525235
0.450684348631 -0.00534300939094 0.892667390549
0.161888511806 -0.726104212516 0.668255027898
0.336737352802 0.734855951149 0.588722928285
-0.285911252718 0.608883281582 -0.739943176859
-0.149949660323 -0.746040176626 -0.64879823846
-0.939824334219 -0.341164939768 -0.0183495145377
0.740671900092 -0.362213127222 -0.565868170939
0.22011857109 0.958781890195 -0.179680554585
-0.581704691068 -0.409096540999 0.703036039284
