0.642012166819 -0.709354256316 0.290924245642
0.770318109173 0.0137159000536 0.637512262444
0.104857267645 0.488546578555 0.866214288732
0.621558816049 0.727899266588 0.289529438731
-0.537557684209 -0.0117619587533 0.843144941558
0.693453501355 -0.521614149531 -0.497032112109
0.270370337216 0.863473488584 -0.425809130089
-0.819986436393 0.497652728272 0.282779076622
0.0543031117741 -0.961277435388 -0.270179318723
0.0170622229194 -0.391619787959 -0.919968924599
-0.230517359336 0.418868213532 -0.878300157542
-0.933456808212 -0.29823230989 0.199288425507
0.147964509542 -0.437705055841 0.886860072394
-0.873551655975 0.1723652211 -0.455189778991
-0.15362518887 0.954314601393 0.256286837184
0.981272140732 0.139847899622 -0.132467168745
-0.634343516135 -0.598954033703 -0.48873547963
0.547021298296 0.208776386937 -0.810666466229
-0.367199244114 -0.835895054475 0.407975701515
