-0.531107834437 0.847304205233 -0.000228022160383
-0.151928910152 -0.061084644956 -0.986502038726
-0.158621968039 0.695101939412 -0.701193528978
-0.95147739939 0.198375725823 0.235239941026
0.490858517259 -0.868262165744 0.0719633766023
0.228247159086 -0.702379685757 -0.674215107666
0.898104753318 0.433943030137 -0.0714233761599
-0.565884672594 -0.60711725756 -0.557837945012
-0.268147534571 0.6268346142 0.731556741575
-0.803001371229 0.175552464094 -0.569535012229
0.277058907988 0.960139464321 -0.037021217664
-0.0973366662122 -0.779250205683 0.619107979559
0.531636752545 0.556533063076 0.638461677039
0.541995300983 0.300857093297 -0.784682166947
0.871550453898 -0.314026829192 -0.376546088622
-0.775802276847 -0.590446019256 0.22249567543
0.272857249533 -0.142264518189 0.951477655146
0.882233247487 -0.204347858751 0.424153804242
-0.527501215576 -0.131038789933 0.839387457077
