-0.477632883926 -0.672939582291 0.56481779963
-0.722810331525 0.609354547572 0.325932907197
0.751252533802 -0.586654231287 0.302417663786
-0.774872569662 -0.0683256961076 -0.628413955954
0.567425164173 -0.668862100192 -0.480262609403
0.703148261615 0.710195662388 0.0347079718951
-0.475112398547 0.0725252975863 0.876931177435
0.120721460848 0.610366162354 0.782866193384
0.208220007765 -0.377276362008 0.902389591604
-0.142299708924 -0.525063508277 -0.83908229937
-0.972012899047 -0.149626432992 0.181115583639
-0.051522745759 0.994340236543 0.0929134040926
0.233468620182 0.747473960282 -0.621912439248
-0.556468186796 0.691474636101 -0.460658208125
-0.618669772922 -0.752142938193 -0.226999366959
0.769140681402 0.156441753072 0.619635852827
0.454012852904 0.017959647773 -0.890814111052
0.96810791212 0.000665455086711 -0.250532687809
0.087568075671 -0.992636518831 0.0836933307194
