-0.75508031996 -0.243714482112 -0.608651757262
0.846310118408 -0.250952468522 -0.469874496033
-0.408318351357 0.859839259681 0.30651683715
0.330750350747 -0.879696910951 -0.341668772856
0.396740079172 0.837256073826 0.376297191619
-0.472872331613 -0.26508384095 0.840310844427
-0.89502273403 0.415643619167 -0.161785930832
-0.931627369088 -0.317528314694 0.176765988057
-0.0152110644661 -0.872553199061 0.488282232246
-0.0659244227204 0.430852693963 0.900011070262
-0.0249598654247 -0.422883024915 -0.905840467387
0.855909339379 0.180784425068 0.484495814654
-0.39645614678 0.455905295923 -0.796851858773
0.117675899223 0.918270829346 -0.378062252433
0.748546531596 -0.596421352364 0.289757934282
-0.462296251828 -0.867125160148 -0.185408015426
0.813100495653 0.528501713542 -0.244035904636
0.386356294581 0.272607771839 -0.881143470935
0.333073363578 -0.272206174749 0.902754636046
