-0.071023099904 0.709322601919 0.701296774331
-0.674659095839 0.452590520763 -0.583092552616
0.438672104235 0.893304729263 0.0978439862313
0.125141335232 0.759087491281 -0.63884726406
0.716175829136 -0.50013129378 0.48678626803
0.865674753656 -0.400403832423 -0.300472946974
-0.880978620988 0.389563129781 0.268546527211
-0.942058426324 -0.228952764115 -0.245166378602
-0.427723116138 -0.261240624374 -0.865335930202
-0.577440185087 -0.790484357463 0.204199199932
0.21267549938 -0.710805775499 -0.67046571984
0.813402136683 0.397853458992 -0.424369637472
-0.4825359881 0.0380102904497 0.875050991662
0.315982580151 0.0392083770765 -0.947954488469
0.886057794799 0.279403348996 0.369912628664
0.351821414794 0.0633488878825 0.933921094363
0.199128232129 -0.975739792857 0.0909934272569
-0.0359182774453 -0.626397720657 0.778675653209
-0.35887027908 0.933216254524 -0.0178758240437
