-0.269654004529 0.85530665528 -0.442422019429
-0.512126320625 0.794551808103 0.326211673556
0.071819097171 -0.405860179041 0.911108957453
-0.891823245383 0.375952155761 -0.251617319703
-0.159787107095 0.368490079532 0.915796452107
-0.840276114391 0.0854354861438 0.535384748841
0.166725591075 0.36631262414 -0.91543303342
0.69746563322 -0.668516545052 -0.258122682981
0.185678157273 -0.932794535805 0.308898002395
0.222704991859 -0.438756027216 -0.870572016081
0.286301736932 0.849326991421 0.44348052615
-0.232054955839 -0.894560327796 -0.381984708337
0.899040752035 0.358436081516 0.251494138396
-0.507583839685 -0.090995407981 -0.85678380086
0.827966738145 0.0713406685932 -0.556220810048
-0.874646112172 -0.431537374274 -0.220838567888
0.527003561655 0.785089107108 -0.32542639706
0.768081589376 -0.399218472113 0.500674828192
-0.560047450056 -0.672709918323 0.483537195545
