-0.000968283971659 0.758167766497 -0.652058816574
-0.678841887258 0.701959129156 -0.215469424971
0.480865477633 -0.853021156831 0.202788802501
0.591638047107 0.799470631722 -0.103976585003
-0.543028272532 0.182519909145 -0.81963819945
0.513227193837 0.548319914132 0.660259887675
0.994646107597 0.100941406614 0.0221348835997
0.642750828051 0.273530478066 -0.715578402839
0.105172993643 -0.281274851078 -0.953846475886
-0.5466259404 -0.59283436002 -0.591394540778
-0.759806004936 -0.406139021062 0.50768684288
-0.982391715067 -0.0463398433775 -0.180994853751
-0.315567081299 -0.943714686332 0.0990959535085
-0.0309664949031 -0.620565966586 0.783542568919
-0.14057099852 0.92705872081 0.347565709679
0.724002967454 -0.495364645685 -0.480034968438
-0.745464661674 0.401628057727 0.531956146164
0.677710153804 -0.242294664014 0.69426381385
-0.118392059727 0.158504894504 0.980234420234
