0.416250433387 -0.900697671323 -0.124415760977
0.0411791923927 0.806565662492 -0.589708492564
-0.454999357504 0.88944045178 0.043258148451
0.834863818366 0.276413937963 0.476022835255
0.964506141508 -0.215812920427 -0.152160068249
0.293803057688 0.880797182919 0.37131669213
0.24532495182 0.0253791782147 0.969108644749
0.750675056109 0.609017937569 -0.256093951227
-0.674831013726 -0.416616339227 -0.609125544369
-0.801000594019 0.369953477589 -0.470672362479
-0.758307116723 -0.630368954624 0.166148420917
-0.06669255453 -0.849830742976 0.522819100133
-0.504445885403 -0.24262191005 0.82865490855
0.668148872604 -0.512995973475 0.538899077041
0.580425055963 0.0480407382587 -0.812895344972
-0.207971125344 0.137113213435 -0.968477143625
0.0906595192445 -0.595168071767 -0.798470924906
-0.338753596195 0.546270747292 0.766051089496
-0.92380626307 0.218952160041 0.31407314423
