0.250773794854 -0.951228025038 0.17966009072
-0.486005937188 -0.755535531789 -0.439277007392
-0.621946897762 0.0569283199415 0.780987338408
0.338316327101 0.709570896019 -0.618102909183
0.892302162223 -0.425827767602 -0.149891839773
-0.921377531542 -0.0816319025646 -0.379999574806
-0.237017275422 0.964450406249 -0.116868409066
0.157197659795 0.0914966739091 0.983319507799
0.911545163875 0.378357577599 -0.161030921531
0.662307253918 -0.419182881236 0.62099501889
-0.797739410204 -0.539132361604 0.270089115068
-0.173688465209 -0.209249558307 -0.962313327042
-0.8440928629 0.512851998344 0.156493024113
0.612447938192 -0.0269711337356 -0.79005068252
-0.201769983923 0.730764506398 0.652128905797
0.303013762387 -0.743732754274 -0.595855897028
-0.479373522551 0.495768385432 -0.724164852698
0.584911105216 0.607335486977 0.53760822655
-0.173488929141 -0.610919657394 0.772449845411
