-0.279465016654 0.672191924837 -0.685607264147
0.851574146227 0.458167295635 -0.254763032421
-0.936273463831 -0.253153156994 0.243527164873
0.232664644529 0.96353830675 -0.132140435189
0.947484658358 -0.134670224875 0.290063359817
-0.631537858355 0.344444380211 0.694635157766
0.605559059864 0.62079432828 0.497908251581
-0.338984941379 -0.0941037753639 -0.936073548916
0.808862676427 -0.311309009377 -0.498826494248
0.51481050519 -0.857071099549 0.0199818433808
-0.65852934796 -0.62590027427 -0.417837222546
-0.883946090728 0.205879279444 -0.419825000425
0.111692324646 0.193836225755 0.974654986239
0.40523838464 -0.524666737003 0.748669931743
0.110329752762 -0.731387858319 -0.672977820109
-0.542288640012 0.837999552742 0.0606611945016
-0.39300809173 -0.418145958214 0.818961902327
-0.26534932612 -0.939909192293 0.214849820502
0.386262880588 0.25932367431 -0.885184850199
