0.788298126512 -0.474702999701 -0.39146280259
0.0715854320363 0.79582115098 -0.601285474275
-0.984352383545 -0.0185392987574 0.175233214347
-0.0338448241799 0.984077038299 0.17449043117
-0.108303314819 -0.825909679849 0.553302442368
-0.595532395449 0.565003976566 0.571061881442
0.313138876425 0.561731165815 0.765768986982
0.259050160217 -0.222582776342 0.939866970463
0.65848773643 -0.647070343249 0.384309604172
0.688422291893 0.72223999512 -0.0666643643509
-0.677841320838 0.702106503786 -0.218122903671
-0.303293372759 -0.620451954204 -0.723223687779
-0.536836982858 -0.19852079149 0.819997286083
0.895966090295 0.121136313207 0.427282995992
-0.674491691196 -0.738120963113 -0.0154402823893
0.184715549913 -0.965487982209 -0.183611333612
0.651124065011 0.248894120923 -0.717000117527
-0.0937513269165 0.110009274779 -0.989499190583
-0.794723341255 0.00673021557084 -0.60693452288
