-0.615429346737 0.239169051416 -0.751029216488
0.980965438008 0.188746653449 0.0456235711592
0.06400526346 -0.0327756359057 0.997411191004
-0.967793167359 -0.245941426099 0.0537512803802
0.230254532618 -0.736297243598 0.636277627517
0.797930908134 -0.597663086109 0.0781351479639
-0.836163684976 0.548223103148 -0.0167845495076
0.527344310657 0.846152453996 -0.0770324776517
-0.128424647403 0.903462536949 0.408977449585
0.0270147205367 -0.213232003233 -0.976628034449
-0.308314715777 -0.948521588664 0.0724488224406
-0.609178431475 0.321575108397 0.72490764121
-0.534776507917 -0.482470972904 0.693711645344
-0.212547071706 0.892127709603 -0.398662629384
0.372583888867 0.492126945292 -0.786760646877
0.75437963698 -0.201408991171 -0.624776585337
0.558369148966 0.507696687658 0.65610057676
-0.584826843106 -0.564452397999 -0.582555623075
0.263447626188 -0.8294896224 -0.492485852168
