0.744375900867 -0.633298946055 0.211747404079
0.167546179612 0.354881490564 0.919775736445
-0.866418847716 0.492148726192 -0.0843090246022
-0.238318599715 0.443246534985 -0.864139314146
0.506367366116 0.79313003793 0.338432908368
-0.53035890472 -0.792752436274 -0.300438025166
0.911879617407 0.357642918879 -0.201412774999
-0.247372679908 0.961628487272 0.118648260427
-0.588344257245 0.455483350939 0.668121210548
-0.777992835812 -0.0991242474985 -0.62040432863
0.502221327775 0.132878702919 -0.854468833977
0.829675741637 0.0894983515715 0.551024689833
0.299201649344 -0.434154105677 0.849699114718
-0.0770051170981 -0.934708839788 0.346972040319
-0.0935168493006 -0.40262981603 -0.910573352422
0.316242483075 0.840305607673 -0.440314861903
-0.951150803436 -0.272984119828 0.144193687256
0.263205454854 -0.887238430087 -0.378854664367
-0.495742765455 -0.330671343338 0.803053904289
