-0.0777958203628 -0.730719493697 0.678230662729
0.414686099511 -0.907841908512 0.0621168899901
-0.194843500398 0.00973107557213 0.980786070721
-0.789274306862 -0.463637516871 0.402599455387
-0.381930766118 -0.914949280713 -0.130371406431
0.50974371982 0.858902427782 0.049476859795
-0.979142795138 0.0421646945657 -0.198749906319
0.00135950815518 0.758690290061 -0.651450071383
-0.154282518572 0.846010213986 0.510356367937
-0.625838102003 0.767012187225 -0.141488426133
0.964680513035 0.201553532007 0.169610381481
0.717485301179 0.391229302874 -0.576328443828
0.843926811597 -0.381878837866 -0.376770606415
-0.780358270339 0.334911621156 0.528086333783
0.474871976222 0.413864563208 0.77666770856
0.122260685569 0.035496758113 -0.991863047466
0.656490823363 -0.372809114713 0.655769138361
0.171559670302 -0.709959063758 -0.683026651979
-0.548636270325 -0.350708754761 -0.758947700582
