-0.397938887457 -0.517981754538 0.757191880447
-0.372715787731 0.566146684774 -0.73522844946
-0.822203133285 -0.142684991361 -0.551019964118
0.968503021121 0.0945456034633 -0.230354133771
-0.499782157725 0.310173279825 0.808709052319
0.697138626079 0.660432180848 0.278975035675
0.209034479647 0.928527283683 -0.306825145277
-0.97227566654 -0.00524326117362 0.233778819542
-0.0611067072102 0.888942615785 0.453923998237
0.468027508225 0.351969519443 -0.810597131088
0.416960629578 -0.471110270254 0.77730235214
-0.129840313592 -0.165667137098 -0.977596999101
-0.69903841506 0.715000898156 -0.0109091662079
0.773308477867 -0.630209440931 0.0694986231578
-0.110551861942 -0.839608181981 -0.531823642359
0.303529158609 0.320078624026 0.897451794982
-0.681392243607 -0.731301624683 0.0300423715297
0.0604591030587 -0.966920195386 0.247810477203
0.574020251406 -0.44024647951 -0.690422905367
