0.0787326449421 -0.423276670173 -0.902573005971
-0.131430285796 0.855621723268 -0.500637140699
0.219031293073 -0.821387241319 0.526638673526
0.589277352426 -0.723250885198 -0.360083822156
-0.840923284229 -0.500833173438 0.204973565188
-0.429660717062 0.86914935642 0.244889902707
0.373043128145 0.323205493608 -0.869699392575
0.86562868464 -0.388656845231 0.315646696457
-0.422093915836 0.211178221486 -0.881612434681
-0.65113576907 -0.494986708904 -0.575335005232
-0.80843283417 0.2268636112 0.543110720341
-0.940748198532 0.224089766905 -0.254512481672
0.791049050453 0.396755797539 0.465646042501
-0.149680078126 -0.973959670721 -0.170289265723
0.0875703594422 0.598442892158 0.796365203266
-0.374777609525 -0.3768685172 0.847060720458
0.618977615207 0.749415870365 -0.235037369621
0.927413956901 0.02017699612 -0.373491956237
0.388984768809 -0.137046533738 0.910993467169
