-0.290897230312 -0.223223162237 -0.930349515633
-0.374027129697 -0.895216450598 0.242262693847
0.456028052327 0.768604828329 -0.44864800608
0.455260629754 0.0851643515836 -0.886275799182
0.701054201726 -0.59306377177 -0.39597773783
0.86223365588 -0.356213101609 0.360090750935
-0.773011835177 -0.52521060521 -0.355818103602
-0.0376003486852 0.723783684972 0.689001735228
0.679378596222 0.659956014048 0.320784635725
0.953589209245 0.161770572958 -0.253964370997
-0.0534100276325 -0.864751067276 -0.49935254139
-0.869569237891 -0.278213359494 0.407978758164
-0.253902904797 0.570536460951 -0.781038706891
-0.337944928096 0.0166786377577 0.941018091546
-0.886188545731 0.275177261308 -0.372756403397
-0.759930565422 0.522559807979 0.386570540551
0.461929287664 0.117128149007 0.879148639258
0.207425746179 -0.637884932199 0.741672011805
-0.238021279486 0.968997777417 -0.0662508707247
