-0.738960937658 -0.652264850122 -0.16878180563
0.739737144404 -0.572319229897 0.353892153458
0.229875757192 -0.13932719943 -0.963195238648
0.608223189728 0.785110377042 0.116902725967
-0.981026651189 0.0453434334812 0.188495842652
0.746834997141 0.18392959345 0.639067595563
-0.729526711354 0.51707225042 -0.447690814364
-0.0656629437871 0.952707109243 -0.296711209447
-0.570011479047 0.762669005921 0.305651600949
-0.561462579491 -0.18770041373 -0.805933202267
0.689310797923 -0.565555124392 -0.452767076034
0.0669596623853 -0.982493195639 0.17384914189
-0.508324399752 -0.612966887961 0.60487841661
-0.0710477419774 -0.79645495016 -0.60050955923
0.984913206157 0.114029672101 -0.13016608705
-0.516217221058 0.159872731625 0.841403880646
0.533542893397 0.541111751456 -0.650023117544
0.105633802188 0.665850942464 0.738568901494
0.19316981928 -0.348956031546 0.917014235967
