-0.987856614405 -0.148931741548 0.0442565897434
0.205164672459 -0.849808658577 0.485523120955
0.710696757549 -0.692274799639 -0.125162776395
-0.639073577731 -0.40819534669 -0.651890727949
0.0294405888211 -0.846307248493 -0.531880901028
0.0100662695546 0.729553276036 0.683849901398
0.149350592478 -0.0058929710102 0.988766743686
0.975475705979 0.0666649780748 -0.209768748253
-0.675926708718 0.302316412027 0.672107038693
0.537943296011 -0.276455244255 -0.796360162364
-0.551622056676 -0.833562504923 0.029776785837
0.744089622666 0.522590438453 0.416208922393
-0.464126869784 -0.473950708179 0.748302729489
-0.134387009965 0.131861042401 -0.982116488534
-0.756379397368 0.382269463325 -0.530810950007
-0.527569093899 0.844578711876 0.0914201870963
0.78175272811 -0.271625758756 0.561321760911
0.258227553361 0.964526413907 -0.0548391061322
0.507082805613 0.523447446977 -0.68474067975
