-0.435574825188 -0.0849023421833 -0.896139589547
-0.500698662139 -0.779746558414 0.37589380731
-0.106316908791 0.640638000291 -0.7604470182
0.96955422904 0.224010142638 0.0989143717844
0.536651979074 0.155303096063 -0.829388691573
-0.00348604015223 -0.424987020401 0.905192730867
0.175126175784 -0.980982203158 -0.0836943226358
-0.514077457798 -0.741412883181 -0.431313463779
0.544758529725 0.781980555716 -0.302893636074
0.644883563504 -0.610537373268 0.459749176579
0.585167039096 0.11915782106 0.802110310391
0.332197533775 0.814163187413 0.476217495284
0.832258899823 -0.458516504005 -0.311621146941
-0.176736880259 0.364400673595 0.914317354226
-0.799584081952 0.443159818965 0.405308118281
-0.802734066307 0.439641826108 -0.402905799818
0.192568478797 -0.582268363194 -0.789861338589
-0.971369642463 -0.237524287943 0.00481978604819
-0.29334488444 0.955736896512 -0.0227104253158
