-0.8647580088 0.0232999586958 -0.501647982295
-0.0828326434909 -0.877498327954 0.472372138901
0.357690124476 -0.496796924229 -0.790727886778
0.538138126561 0.286334403396 -0.792729440713
-0.216259064771 0.0762543956148 -0.973353627442
-0.481708868913 -0.278905423102 0.830763703212
-0.433362907602 0.517862118164 0.737574007734
0.491469111217 -0.866264505398 -0.0896879000032
-0.0148758849318 0.974191188295 0.225233737916
0.61134648537 -0.498396481359 0.614700270209
-0.42230507485 -0.63075538203 -0.651003895377
0.935765787269 -0.218253573457 -0.276961674335
0.212370291423 0.100795993262 0.971976865498
-0.951239360974 0.0921481195307 0.294367800889
-0.749862405415 -0.656440218986 0.0824173030556
-0.684591782617 0.716068330576 -0.136309343478
-0.0140804691913 0.824352773501 -0.565901268074
0.66119383234 0.737232365661 -0.138964582172
0.832434002567 0.26368368623 0.487364899215
