0.224990825634 -0.751194996721 -0.620552338874
-0.413279477955 0.673814480359 0.612514586896
-0.0929478170264 -0.10653530411 -0.989955015285
0.816187812834 -0.569136128035 -0.0996068368429
-0.797504060543 -0.105228411101 -0.594065867489
-0.515049199527 -0.802968256926 -0.2999438288
0.191678133705 0.255623196116 0.947584441972
0.140693386087 -0.542085829143 0.828461420317
-0.111956712584 0.99146716628 -0.0667723947228
0.419449173282 0.669867318312 -0.612650117841
0.673391736534 -0.0884719694662 -0.733972942135
0.797866406328 -0.138605225249 0.586683721598
-0.868079080246 0.493955839148 -0.0494604833307
0.505153759608 0.763385073209 0.402570377891
-0.395767638872 0.586975156186 -0.70627766639
-0.530355924055 -0.0919553632703 0.842773282078
-0.935997962543 -0.304360981027 0.176839495997
0.133161406752 -0.979808164938 0.149144224403
0.952823822673 0.29314948836 -0.0786774454393
