-0.90252104272 -0.377705389934 0.206868088072
-0.173673749663 0.532187690729 -0.828621560493
-0.476955662389 -0.818540662896 -0.320163207288
-0.140773644626 0.806155134507 0.574714433512
-0.413513128403 -0.237979880054 -0.878847238903
0.373438650232 0.869714401652 -0.322707970265
-0.477984864158 0.864132952562 -0.157495110819
0.236105942491 0.198389654103 0.951259969233
0.479199880271 0.0581245918466 -0.875779085484
0.215068169982 -0.974284241611 0.0672004375734
0.928567013586 0.281285319638 -0.242160835471
-0.475769187749 -0.173781548082 0.862231786433
0.230467325331 -0.687692802312 -0.688450013874
0.211488246196 -0.590782642748 0.778619670153
-0.899458125198 0.199257654757 -0.388936329027
0.636015809196 0.651055309097 0.414259429525
-0.81987199451 0.400369179028 0.409285271056
0.842680962671 -0.122498706409 0.524292725564
0.835553578767 -0.519133903223 -0.179861634412
