0.0418357108732 0.989278190261 -0.139922962979
-0.709612638054 -0.561972904921 -0.425013362201
-0.990568832171 0.112028072975 -0.0788866249606
0.0343051817103 -0.709206708233 -0.704165463159
-0.617454632694 0.740004094829 0.266727794203
-0.566349300632 0.62935924264 -0.532123494479
-0.210861458576 -0.309597560084 0.927192965934
0.524391067908 0.0169948559751 0.851307924766
-0.768403635854 -0.515239544239 0.379584067709
-0.358101294903 -0.040801854607 -0.932790797151
0.185254177866 0.546036945489 -0.817021752308
-0.18808009165 -0.981654660836 0.0313050472621
0.977178975674 -0.0928432825214 0.191053328659
0.796121561719 0.532106884038 -0.288188693264
-0.129522973137 0.491671669883 0.861093937073
0.381856334225 -0.727209233275 0.570396766341
0.656921387162 -0.729772041713 -0.189438798093
0.660886337505 -0.133945673824 -0.738436053672
0.528688289816 0.719020041855 0.451108492074
