0.171268670632 -0.652228234943 0.738420863737
-0.511635308098 -0.241231285626 0.824643424968
-0.357613672045 0.813947903084 -0.457822315567
0.418787867447 0.868373655969 -0.265601046118
-0.594570672052 -0.637181171747 -0.490393587138
-0.815404028474 0.163095501945 -0.555442281064
-0.965012039942 -0.229067721258 0.127592091624
0.950435300559 0.285453413855 -0.123244017992
-0.141160662022 0.942368860932 0.30333907998
0.75974180349 -0.11682851073 0.639643253002
0.582092655374 0.65015090988 0.488335883325
0.859735662413 -0.507985389456 -0.0529663560649
0.525010076796 0.282790612538 -0.802741483121
-0.0599285654659 0.415896598868 0.907435169085
0.4415455478 -0.511824814148 -0.736934792801
0.208483576331 -0.970383904563 -0.122023260758
-0.466621226822 -0.835938956893 0.288912947146
-0.744976666914 0.450055895506 0.492401722859
-0.175637418552 -0.0629132087909 -0.982442581205
