0.325902768874 -0.849999701114 0.413869415815
0.742530391263 -0.624775076271 -0.241463707667
-0.738905135854 0.123525742713 -0.662390059629
-0.000657055395126 0.241106492081 -0.970498442943
0.73060836884 0.0539975455914 -0.680658267011
0.00705894549948 0.401230081329 0.915950104059
-0.124069973938 -0.396598673112 0.909569202454
-0.276120270249 0.828237070961 -0.487627881323
0.521424660833 0.769787295425 -0.36816279399
-0.71375388904 0.111780746659 0.691419156921
0.619603756557 -0.108054250624 0.777441614388
0.191401425442 -0.530826001285 -0.825584187529
-0.476334940352 -0.819916051318 0.317557385981
0.591878369241 0.680272243642 0.432330510785
-0.838004927105 0.545284956712 0.0202992150542
-0.519161239018 -0.705944881845 -0.481781518635
-0.169256819443 0.935486247924 0.310189633963
0.993924676997 0.0715634563291 0.0836206205116
-0.967378647988 -0.252843010647 0.0157785735472
