-0.239046941643 -0.521363443982 -0.819168309306
-0.875352490874 -0.300129383596 -0.379051935521
-0.363480220056 -0.922123428279 -0.132553810379
0.941333470498 -0.334971297615 0.041055171337
-0.493709695216 0.241799181322 -0.835334599285
-0.865597282384 0.474285460908 -0.160607117837
0.232474573034 0.484362747825 0.843414667534
-0.0197827832352 0.829852261357 -0.557632375144
-0.45127480773 0.0626623375331 0.890182273112
0.605221218077 -0.224366156268 0.763784724324
0.849592138549 0.409479640728 0.332444915655
-0.779375163925 -0.483428613719 0.398586413836
-0.457371560956 0.751871584567 0.474868798249
-0.0779880255901 -0.649456868103 0.756388553813
0.267861441588 0.945541516094 0.184936447066
0.530083559356 -0.602299711975 -0.596863868111
0.388356320571 -0.908557136713 0.15395875292
0.718665340177 0.527850030868 -0.452652707648
0.284128351749 0.0745631408639 -0.955882533451
