-0.54111804853 0.53978532183 -0.644843441381
-0.356827522559 -0.932901543728 -0.0486706159235
0.0193815877888 0.582467442922 0.812622933464
-0.903691193457 -0.385825107765 0.185691176651
-0.329149802613 -0.632475679414 0.701166829214
0.846881931153 0.380623132541 -0.371371815923
0.44743340939 -0.886959089981 -0.114485443886
-0.908396703776 0.41319302913 0.0639292518968
-0.636364274182 0.112545981321 0.763134269073
0.476309660915 -0.600996977955 0.641819086198
0.064876486747 0.118417319027 -0.990842257891
-0.280242458081 0.947439760465 0.154343982645
0.955380879069 -0.286504358387 0.0718514337634
0.652862522666 -0.342640207347 -0.675550305164
0.704920184711 0.172885365612 0.687894020576
0.529488666559 0.816287390891 0.230903978871
0.19587494609 0.840668865237 -0.504885001278
-0.0913351349627 -0.64738056176 -0.756674501603
-0.76753597872 -0.234603980188 -0.596531217834
