-0.231211176188 0.931646825786 0.280313367516
-0.961545209821 -0.212257341497 -0.174291796857
0.377552994665 0.613619443601 0.693487501441
0.176138332489 0.0310947884153 -0.983874179944
0.780761161751 -0.596202457623 0.186961594523
-0.23719913244 -0.171724247147 0.956162828451
-0.805177495697 0.573812194653 -0.149762364065
0.552296671762 -0.158587478042 0.818424338695
-0.593948385101 0.14285599743 -0.791718055771
-0.129627444217 0.804543489699 -0.579574411865
-0.647338959849 -0.624364927615 0.437173544745
0.62455189125 -0.506918608798 -0.594111487173
0.78697277644 0.299255508972 -0.539555362769
0.119827726367 -0.795174027321 0.594423739657
0.492770009643 0.868241883928 -0.0577386230253
0.935872182678 0.25167479429 0.246582756103
-0.83493911503 0.149561835664 0.529629994908
0.117672307554 -0.975366262846 -0.186584783238
-0.452260348161 -0.629644819205 -0.631670783818
