0.280421939957 -0.427420225787 -0.859462323885
0.861820702248 0.00965324222767 -0.507121180874
-0.181251156644 -0.221002085551 0.958282889546
-0.663805224691 0.299321376038 -0.685397211491
-0.67544081484 -0.735790521296 0.0489082244557
-0.220950487281 0.900141276127 -0.375401871576
0.742184063467 -0.665492998977 -0.0792583386685
0.619957211659 -0.400814668112 0.674537365562
-0.820868179632 0.567901688757 0.0605235786658
-0.399463903659 0.528536056931 0.749051551095
0.166814486333 0.927995263032 0.333163201659
0.381526469426 0.349904318082 0.855572627726
-0.0173918885718 -0.866024160961 0.499699584595
-0.85117814391 -0.0995854553613 0.51534309388
-0.509960488529 -0.493885425173 -0.704285089251
0.925663309967 0.275983755734 0.258805724728
0.571674305198 0.74572851022 -0.342165863028
0.0206360767761 -0.952786611934 -0.302938648003
0.113013221027 0.380122038157 -0.91800612633
