-0.969279987972 -0.157932816946 0.188556437836
0.689687774004 0.249501574012 0.679764473148
0.876329204087 -0.410442856507 0.252158259048
0.31717307315 -0.45089325421 0.834323986816
-0.0173394749696 -0.833364410299 -0.552451900399
0.70330202846 -0.467867750375 -0.535225209536
-0.834539865551 0.350563285403 -0.425027758781
-0.431005813456 0.902328110352 0.0061619831259
-0.642946137914 0.434871826581 0.630481370215
-0.482559023801 -0.33702219926 0.808426141187
0.0861802099773 0.783247024715 0.61570859153
-0.529005791592 -0.834755653775 0.152760829246
0.379590775889 0.911278918483 -0.159629494732
0.270873101155 -0.942726735328 0.194663981182
-0.122392814155 -0.143926030281 -0.981990476965
-0.724941763912 -0.443679832353 -0.526884850133
-0.156202525883 0.676589370598 -0.719602386393
0.546863103759 0.283808377469 -0.787650652653
0.943197097304 0.32136367455 -0.0842889335394
