0.70049057903 0.702754002098 0.124297068451
-0.673441674818 -0.303791552413 0.673933975477
-0.998496646309 -0.0419855513426 -0.0352372074377
0.659519844823 -0.723710105905 0.20316805087
0.00204101481095 0.868557770846 0.495583729517
0.205025703922 -0.508963057882 0.836014991757
-0.186991586861 0.437783437807 -0.879420154434
-0.136150652684 -0.367793465824 -0.919886387697
0.664456861051 0.158227379863 0.73038426603
0.142338209732 -0.910063643622 -0.38926083621
0.062714567513 0.949894684263 -0.306213931477
-0.632824993739 -0.682615897003 -0.365469649162
0.609870118904 0.460726372078 -0.644817530887
-0.111014479369 0.222985097297 0.968479959397
0.637804963588 -0.345850537145 -0.688180379246
-0.258611243835 -0.914053773501 0.312451474169
0.998828109433 -0.0307544958318 -0.0373706942943
-0.6920216064 0.661335382202 -0.289381423944
-0.712751820573 0.491432129925 0.500479074435
