0.553754359956 -0.572803801473 -0.604360748103
0.995294179325 0.0905473773113 -0.034506072846
0.529703554203 0.820003603909 -0.216813823918
-0.531890615182 -0.637390092426 -0.557517931154
-0.0323781790561 -0.170071269519 -0.984899698855
-0.600538178427 0.773516126615 -0.202550482889
-0.675730688914 0.491514745313 0.54936444297
-0.715116374261 0.137625327073 -0.685323165093
-0.622785264995 -0.745776218743 0.236550935873
0.0533400476344 -0.990202262977 -0.129051608719
-0.482562325253 -0.234034511335 0.844015076732
0.632324329286 0.217786156255 -0.743461587937
-0.0703342391042 0.611251163105 -0.788305213995
0.293229639876 -0.043323737367 0.955059910204
-0.99742415337 -0.0550467627273 0.0459881744191
0.742786304032 -0.645891502037 0.176331149086
-0.0341435356218 0.936887468207 0.347959898396
0.0948274833189 -0.760076005086 0.642878071565
0.646715979684 0.545907648171 0.532675587286
