0.0709038409662 -0.92729449704 -0.367556201275
-0.725932598259 -0.684646679415 0.0654277246395
0.450321011948 -0.374728292475 0.810425624605
-0.663064736343 0.738246758924 0.123842150969
-0.31141542763 0.496557051996 0.810216962021
-0.351658967951 -0.307232221326 0.884276162994
0.511806714893 0.458727524795 -0.726376585929
0.785104023025 0.619079404204 0.0187713697212
-0.913322652896 0.0236632870004 0.406548620162
0.50092946296 0.429710544474 0.751277925342
-0.875522317772 0.196556957209 -0.441391021267
-0.142461090433 0.86494613796 -0.481220340531
-0.0393107732641 -0.900523322327 0.433027030393
0.682993767771 -0.720808468213 0.118129866407
0.363290559539 -0.342092036874 -0.86659852738
0.0991274448123 0.953408056426 0.284933023056
-0.526577499834 -0.49154003776 -0.693616989373
-0.224442536877 0.212468367364 -0.951042975112
0.941015600238 -0.0957778821765 -0.324524632954
