-0.807776041765 -0.253055309458 0.53241044008
-0.967782315766 0.234299131422 -0.0922025287345
-0.322724384942 0.580667096799 -0.74744544554
0.276614526423 0.907877299466 -0.315028908015
-0.193349450589 -0.773277755405 0.60386877958
0.57715060008 -0.529806563286 0.6214516798
-0.015760764467 -0.0684306380674 0.997531375986
0.146797116831 -0.0313940100118 -0.988668307687
0.661165473323 -0.491684552097 -0.566662614008
0.991363139038 -0.113049709136 0.0664747306952
-0.639854315413 -0.76531992314 -0.0697987843208
-0.662838498313 -0.152390905914 -0.733090810848
0.75355101451 0.311165598052 -0.579082756711
0.156146102829 0.861669754139 0.482849489359
-0.482609236541 0.875751134886 -0.0121768038182
0.30148565813 -0.95342561959 -0.00927285563087
-0.103048877484 -0.732303598761 -0.67313621808
-0.528075123181 0.487548650184 0.695293447388
0.663250418111 0.270191420981 0.697922258495
