-0.893903810641 -0.0719756189005 0.442442637644
-0.283723090466 0.0531286598442 0.957433315401
0.137859300343 0.695040203946 0.705630163901
-0.410679805739 -0.540201935251 -0.734522951519
0.0417951789844 -0.973674738654 -0.224077366821
0.513824551254 -0.0648794663618 0.855438475504
0.739770180832 0.65153737299 0.168045027146
0.256185749281 -0.141075116889 -0.956277508498
-0.581565817334 0.680773560648 -0.445340947176
-0.609546268352 0.691187459928 0.388218034069
0.706428008603 -0.562391704888 -0.429738337753
-0.930187930225 -0.043868918573 -0.364452922126
0.163992668749 0.635974134436 -0.754084414986
-0.691573852277 -0.722292856432 0.00431698904426
0.0392201125632 0.99854932111 -0.036892222505
0.519082454699 -0.759541041931 0.391983176738
-0.236800529521 -0.701571371693 0.672103503665
0.823226519738 0.232444485657 -0.517945613252
0.973665406013 -0.121681554521 0.192793351602
