-0.912259418576 0.0663920049813 0.404196554778
0.234988869399 -0.472660308157 -0.849336484764
-0.580462084057 0.779509111936 0.235434307994
-0.241959750364 0.768518197542 -0.592313480558
0.329509219307 -0.750319600496 0.573100489882
0.177912196923 0.982232914435 0.0597139178631
0.861811260944 -0.114946038113 -0.494033155601
0.00657114792158 0.640823387808 0.767660214974
-0.457676307944 -0.788015904027 0.411780684524
0.56702839964 -0.80057039344 -0.193819088713
0.548472050571 0.62322830521 -0.557462903992
-0.37295310029 0.0484400502439 -0.9265848836
0.827534400883 0.527030095466 0.193458248282
-0.345967330238 -0.175889429068 0.921612453882
-0.214510865435 -0.912666075154 -0.347887516122
0.918034706725 -0.265931288588 0.294096628674
-0.873290071418 0.326662229198 -0.36146402197
-0.864091979668 -0.461518418896 -0.200862638869
0.443275333209 -0.0224243349935 0.896104976087
