0.252154699343 0.805818311808 -0.5357936692
-0.599775375559 -0.491933841595 -0.631086835837
0.878347419182 0.445652829962 -0.17291433244
-0.541181013745 -0.19861599355 0.817113699229
-0.0929532652411 0.471479264729 0.876964647755
0.850759372594 -0.326032070404 -0.412203322416
-0.501730699953 0.829626908801 -0.244919368197
-0.944498492249 0.154747935298 -0.289785566688
0.388054369141 0.105253334539 -0.915606652531
0.445781685867 -0.895126641199 -0.0051946858759
-0.394097302817 0.310242306922 -0.865122550225
0.185439809267 -0.655519058083 -0.732056583625
0.148271027833 0.951152997625 0.270783451145
-0.767298392183 0.474739523885 0.431132881853
-0.84125425504 -0.52224854284 0.139813224975
0.257001055824 -0.255162392629 0.932117273037
0.668072040181 0.429677962732 0.607500285984
0.857910438455 -0.327169632685 0.396168791096
-0.190985346697 -0.850079035542 0.490805695442
