-0.156852805162 0.939415429203 0.30478820333
0.858483331149 -0.095013618341 0.503963076494
-0.333729335838 -0.426803208915 0.840513980408
-0.870837288418 -0.0310030293825 -0.490592732589
-0.921269913881 -0.190542885406 0.339050371771
0.278460759615 0.351157565471 -0.893950764621
0.0894062829158 -0.863499926148 -0.49636115291
0.935757306659 0.282979569443 -0.210430098399
-0.644747097935 -0.742422752718 -0.18196053405
0.688871934053 -0.724384684351 0.0268754079454
0.234456244591 0.134172987046 0.962822869961
0.386796516943 0.875631519797 -0.289236747353
-0.826086324507 0.560593709063 0.0575853959016
-0.519348611215 0.356787497013 0.776517676556
-0.0347949306254 -0.951902448622 0.304419186503
-0.355816657684 0.736607737126 -0.575155237932
0.663671395191 -0.32398675123 -0.674220189725
0.585593245101 0.664243171964 0.464609039722
-0.238317325606 -0.268419832135 -0.933357191022
