0.231446449757 -0.904590346176 -0.35797883527
-0.910793361606 -0.395859387982 -0.117263794076
-0.365190357557 -0.906535988519 0.211727429179
-0.873060374673 0.404483985754 0.272320192868
-0.402381075178 -0.561230510501 -0.723263288451
-0.194052983481 0.828298470519 -0.525609249669
-0.321519497771 0.385168103468 0.865026441575
0.528987716793 0.503530704708 -0.683102353164
-0.240509556034 0.93098899403 0.274617272676
0.0613065791672 -0.322049440773 0.944735762554
0.445907437845 -0.793958435746 0.413275403554
0.50641691217 -0.294160013907 -0.81056264242
-0.798582247914 0.292005693952 -0.526307009279
-0.140898449258 0.160097298978 -0.97699359356
0.414224883766 0.639298771967 0.647854015833
0.768940197973 -0.0866727980318 0.633418343611
0.920761404899 -0.374693149494 -0.108643816992
0.898258791453 0.438244986521 0.0327486697066
-0.692860888837 -0.301214420106 0.655144000843
