0.315616231466 0.0245647996412 0.948568903693
0.873619323524 -0.307035245726 -0.377516404209
-0.696929698429 -0.561731606403 0.445810046786
0.861039283268 -0.271263171398 0.430148398245
-0.299153536058 -0.942976138925 -0.145956032017
0.0542836918607 -0.70236572489 0.709743382708
-0.537386255629 0.836498166686 0.107176627074
0.735180992294 0.483589108275 -0.475026823376
-0.00340690368077 0.654078131409 -0.756419322215
-0.739940254851 0.398744316676 -0.541748455623
-0.836783036686 -0.388667523326 -0.38565749808
-0.967890841287 0.157824022826 0.195649935273
0.243966837725 0.968296421387 -0.0536863336438
0.483213649145 -0.874280049948 0.0462489301706
0.0180766493935 0.728568833698 0.684734028153
-0.25078666135 -0.0871558969346 -0.964110937662
-0.497768564865 0.109865935541 0.860323155587
0.230699313867 -0.679162041466 -0.696790318542
0.74825793664 0.528839716346 0.400547893104
