0.501821422967 0.418561916131 -0.75695520463
-0.667716401057 -0.108274540602 -0.73649944441
-0.246487318708 -0.92325319472 0.294699067108
0.369721026928 -0.602040575471 0.707710044958
-0.240041761143 -0.827147108237 -0.508141332941
-0.601374695201 0.468225140965 0.647389908278
0.781961825394 -0.30850345517 -0.541628398235
-0.421950934938 0.906586148012 -0.00767885008982
-0.00264903494934 0.0538743351104 0.998544209652
-0.84900004109 -0.524078205478 -0.067386680965
0.937880398473 0.337337116641 -0.0811420229938
-0.955810201215 0.287144663878 -0.0630460249298
-0.284968332904 0.603699899045 -0.744539778074
0.376613246504 0.916800098429 -0.132815820138
0.732955226334 0.119131648891 0.669764351412
0.0951663298791 -0.249009437486 -0.963814126116
-0.639135152358 -0.338099009684 0.690793251755
0.485329872188 -0.87317169683 -0.0450122540811
0.181895040541 0.751489020485 0.634175406585
