-0.71382549792 0.556008160599 0.425802869725
-0.00375786755729 -0.969149791722 -0.246443826532
-0.977936192985 0.0971925507044 -0.184917307296
-0.000909683438293 0.593651689408 0.80472159418
-0.548212348457 -0.276620734126 -0.789268135966
-0.0269080840844 -0.194816299731 0.980470583123
0.545957868262 -0.602635380895 0.582031445693
0.624983304352 0.717105408629 0.308473179056
0.80566265111 0.0666691852227 -0.588611002571
-0.228242832044 -0.825279160406 0.516545755012
-0.109473766289 0.98814951484 0.107591964456
0.971768655905 -0.00932203032466 0.235751519935
0.415860680085 0.778678468001 -0.469808193023
-0.523894302219 0.67935790328 -0.513816698205
0.735841924056 -0.646199158571 -0.202393948188
-0.773756491878 -0.233318308753 0.588951150841
-0.737838798453 -0.668818415366 -0.0909716151545
0.26081619461 -0.483316953748 -0.835691112104
0.0157591291306 0.276636178647 -0.960845499814
