0.420596107282 0.892942434381 0.160476551001
0.876933190072 -0.403912441108 0.26046673505
0.685021043112 0.259602163653 0.680700291699
0.778623533281 -0.32303713893 -0.537952042744
-0.754198292699 0.469731975384 0.458842899685
0.1687554409 -0.0368302887575 -0.984969609174
-0.0283630078999 0.627371848164 0.778203125099
0.426839191632 0.654847274301 -0.62368529871
-0.35359936727 0.93284082452 -0.0691048737416
-0.559992642011 -0.325667465817 -0.761806368181
-0.480810994133 -0.871882400179 -0.0929616489713
-0.370817315824 0.524276435875 -0.766569460043
0.942032265037 0.325077731536 -0.0830643129618
0.292958322132 -0.947385535563 0.128980884237
-0.38591776629 -0.0840309330723 0.918698144087
-0.936323656164 0.206871577049 -0.283729028328
-0.889060080559 -0.317007781731 0.330269949402
0.108002667236 -0.763786322284 -0.63636929354
0.292465852857 -0.509974375138 0.808943670236
