0.582950486195 -0.583622046763 -0.565291108347
-0.0947509357422 -0.684633702052 0.722702535065
0.816104619766 0.524495565034 -0.242647175662
-0.170023869653 -0.502146792885 -0.847903580688
-0.21179695085 -0.960025322986 -0.183012105711
0.975531321654 -0.216464761066 0.038492176979
0.133754174067 0.814036221133 -0.565203371897
0.291627442826 0.931144500578 0.218914032521
-0.431085560241 0.735012634633 0.523375263727
-0.761643437009 -0.58599400919 0.276604945825
0.419330264226 0.134825710486 -0.89776620414
-0.954628387172 0.197191073805 0.223159859331
0.24273010851 0.444277933749 0.862379969623
0.494488430655 -0.847318636251 0.193732600792
0.600017137323 -0.272435370384 0.752169132497
-0.613241967471 0.744415677323 -0.26415826447
-0.854428882177 -0.234933046309 -0.463419625236
-0.381253886828 0.277408695674 -0.881867274222
-0.482385723773 0.00932972881778 0.875909224555
