0.521358780562 0.793235653599 -0.314582612028
0.842086394071 -0.538790312971 -0.0244029418091
-0.819195320364 0.164634895269 0.549376354017
0.293741931072 -0.802453629412 0.519407210745
-0.346002319933 -0.424118522754 0.83690254705
0.287716254706 -0.423886243365 -0.858801379519
-0.600920020468 0.179812553849 -0.778821272488
0.172297667779 0.374331726026 -0.91114722881
0.378994725048 0.790575585723 0.480991935114
-0.289388439223 0.847076818269 -0.445774825664
-0.537057469465 -0.828906378559 0.156472010523
-0.12945185955 0.349191569552 0.928066519067
-0.417498205735 0.837659227745 0.35216795195
-0.469407446279 -0.60586476555 -0.64232743616
0.153959117265 -0.952614976741 -0.262338133522
-0.968414840136 -0.190126539403 -0.161321407193
0.536122574913 -0.100406780741 0.838147399358
0.936594968718 0.259544585711 0.235428274853
0.832984641289 0.084587931107 -0.546791979905
