-0.195203846365 -0.0674556847438 -0.978440181595
0.741008337342 0.501903053857 0.446094125179
-0.149948724521 0.913816439346 -0.377431974262
0.863640454435 -0.296158135353 0.407940589212
-0.374322308031 0.379444210078 0.846111636339
0.569924440194 -0.809077113414 -0.143458555061
-0.43413186796 -0.894041423273 0.110541642351
0.54996729745 -0.307065186749 -0.776689733949
0.954064377923 0.158751824266 -0.254084673034
-0.69758327048 0.694645240154 0.175629072415
0.0457458310522 0.91234904597 0.406849526556
0.420886705979 0.490771698524 -0.76288761994
-0.084336191954 -0.782122197639 -0.617391508434
-0.727890048546 0.382236676933 -0.56927251825
0.235784759495 -0.770990935924 0.591589827425
-0.786707761195 -0.415971468675 -0.456134449175
-0.468559801441 -0.42039220707 0.776995562863
-0.9663538789 -0.0641445159051 0.249089666215
0.318061464955 -0.0313416248156 0.947551902043
