-0.925600185114 0.315432509561 0.209204754318
-0.347109783508 0.740824086297 -0.575060406701
-0.431364855357 -0.615479119051 -0.659628543633
-0.138244995289 0.0778633889088 -0.987332575146
0.852537340087 0.136334253844 0.504572150427
-0.25160588065 -0.953623351487 0.165217990309
-0.823928059765 0.0885056875552 -0.559740382323
0.297937704305 0.716982780555 0.630213310508
-0.370920497262 0.903131552746 0.216266925686
-0.502845467614 -0.436916578451 0.745821921892
0.231372133339 -0.0917086964237 0.968533143942
0.333156411559 0.925566244491 -0.179816385504
0.895162206281 0.3523519344 -0.273006847479
-0.411244479296 0.378172753437 0.829375275015
-0.88264587984 -0.469530009628 0.0218591138956
0.30617232339 -0.858316856829 -0.411765323544
0.592443727267 -0.198743824641 -0.780712060999
0.439225015127 -0.731799101269 0.521105998304
0.900155836406 -0.429892755343 -0.070083443744
