0.130056103669 0.315631511915 0.939926677239
0.441794040324 0.811399378914 0.382686652279
0.255662479743 0.347463484939 -0.902167292184
0.684484809411 -0.295921990682 -0.666266253923
-0.932988615258 0.359193266191 -0.0226371668176
-0.338452717639 -0.50108884466 0.796467028621
-0.385547422405 0.879688640024 0.278390160906
0.117049113797 -0.946960264106 0.299275396855
0.127609858965 0.926824919982 -0.353144859224
-0.645565639876 0.243160532386 0.723959916088
-0.498930737445 0.535467563667 -0.681426890791
-0.881517529879 -0.428048971054 0.199250904381
0.807360523703 0.489987356224 -0.328757320081
-0.0780622467007 -0.38864624734 -0.918074278078
0.806075014295 -0.586627791954 0.0781722779264
0.905278231884 0.149252385743 0.397737411148
0.464233662113 -0.404576505535 0.787911770524
-0.3761423363 -0.863579851949 -0.335777876208
-0.789131956089 -0.211709851036 -0.576584507989
