-0.0364474566359 0.810108172603 0.585146418929
-0.705837503683 0.363805456611 0.607814945633
-0.44321571044 -0.367489539515 0.817625386327
0.317817442175 -0.612147737927 0.724062994773
0.899659111373 -0.377049972432 0.220106341599
0.163920930168 0.136259124735 0.977017594304
0.926618001079 0.258287750134 -0.273251748772
0.343538977955 -0.939074611359 -0.0109473707261
-0.745916221694 -0.269850292297 -0.608925126729
-0.408901443638 0.435019111829 -0.802220656511
-0.906302724664 0.386337317391 -0.171344239639
0.694428378369 -0.459476873325 -0.553760083606
-0.0140301915389 -0.376093714419 -0.926475402641
-0.440952766069 -0.879180733469 -0.180559951242
-0.315151161855 0.932503276701 -0.176401202157
0.474944070965 0.879416514361 -0.0324765103552
0.385182428166 0.320109907513 -0.86554268765
0.77756469442 0.367381899337 0.510317240578
-0.924042429158 -0.341042087688 0.172730667632
