-0.87889330001 0.28787620816 -0.380360166124
0.269610368007 0.304725704763 -0.913483713221
-0.935311351934 -0.0606122633053 0.348595508404
0.902271655325 0.355145952458 0.244493788162
-0.801284775127 -0.51327388256 -0.307396536465
0.391824410372 0.302515898611 0.868883054573
0.152367028988 0.908051974979 0.390161375861
0.646789397966 -0.750752964032 -0.134288725051
0.00507384178861 -0.405705545504 0.913989751844
-0.623962404082 0.745178684003 0.235328806564
-0.416396743683 -0.122385890836 -0.900908122715
0.87695018014 -0.0229704548874 -0.480032019511
0.73554715132 -0.365335911042 0.57052612586
0.294596775522 -0.497196392635 -0.816093430315
-0.501714299449 -0.767602471949 0.398834811401
-0.416110456131 0.282285536968 0.864388202093
-0.269506920394 0.819699053575 -0.505429996565
0.521404830423 0.791308316587 -0.31932452288
-0.120933937654 -0.949194040136 -0.290526516679
