0.707055392071 -0.453766945343 -0.542372779422
-0.174335323477 0.743471127928 -0.645645318209
0.199068529375 -0.964201444916 -0.175177893111
0.521642039165 -0.0976587483225 0.847556695361
0.392946299813 0.218757585661 -0.89316198093
-0.9888505347 -0.0978246760318 -0.112271780887
-0.0331587528683 -0.503486598384 -0.863366516814
-0.597292451457 0.0718482482353 -0.798798821142
-0.0554413005582 0.467310297896 0.882353300936
-0.676425228459 -0.572154535776 0.463775913017
0.562669572769 0.764611624722 -0.314280154033
0.628452870942 0.614246079941 0.477230282235
0.0885596414766 -0.751957313568 0.653236089384
0.990058002397 0.12817437743 -0.0579351435719
-0.770525914227 0.219314368137 0.598490621007
0.770583390628 -0.585101422164 0.252700541885
-0.0365515959064 0.981247049271 0.189256992297
-0.570002946653 -0.758640346366 -0.315533620512
-0.738984015506 0.669875168814 -0.0719018986771
