0.324664471328 0.739911755512 0.589171940194
-0.302629820276 0.679691778009 -0.668157375764
0.85754126529 -0.388861882353 0.336763143437
-0.515885241351 -0.0776368586633 -0.85313242579
0.899136009456 0.42206046972 0.115842118417
0.4321873535 0.00237888391679 0.901780700828
0.878741169795 -0.177516266128 -0.443059738374
0.209948375264 -0.849481992456 0.484047543343
0.450010600145 -0.845408961777 -0.287704965378
0.301857428455 0.933136091716 -0.195292414659
-0.330826259217 -0.78918546176 -0.517436269659
-0.392653653755 0.438765776153 0.808274521354
-0.563017053033 -0.785562090621 0.256717743394
-0.290539723128 -0.359124479879 0.886913906327
-0.45698845755 0.880557091119 0.125621490782
-0.907710094121 0.321466967586 -0.269669007826
0.448945283526 0.410270703222 -0.793804813841
0.23886248349 -0.362822796254 -0.900724337686
-0.896902951601 -0.0717779555634 0.436363404176
