-0.369398771825 0.881782478828 0.293264739451
0.223698667209 0.937066030292 -0.268078647343
0.311106194197 -0.746256517075 0.588484618878
0.655704279732 0.338946520289 -0.674660769517
-0.564962062092 0.267433578088 0.780574884113
-0.457743488737 -0.530761760048 0.713276140488
0.8237376113 -0.122451944769 0.553589982705
-0.0905466152967 0.236336602779 -0.967443187296
0.922692506361 -0.304740228533 -0.236160817706
0.30590377983 0.665398788173 0.6809312228
0.838882933947 0.537301925933 0.0870750453393
-0.53650689356 0.697127370173 -0.475577315395
-0.833072058437 -0.553160485108 -0.00210313264308
0.359139199267 -0.911341319147 -0.201186569049
-0.960502310818 0.267816250392 0.075562999804
0.381654794707 -0.405138928809 -0.830784006852
0.142335943214 -0.0641604366571 0.987736765357
-0.766858355677 -0.060086476321 -0.638997556874
-0.320383842759 -0.732633431916 -0.60050182992
