0.0375269480606 0.890739064217 0.452963185753
-0.330262526445 0.322501976772 0.887084628773
-0.34186755718 -0.100821792002 -0.934324108436
0.897711078007 -0.275439745209 0.343871730712
-0.0813953457665 -0.81137150795 -0.578835964479
-0.201016987576 0.711777110648 -0.673027128326
0.395083997507 0.218598049096 -0.892257545693
-0.788878813806 -0.503947958984 -0.351719592521
0.394230926175 -0.0249679993844 0.918672180843
-0.901244220779 -0.158314003267 0.403355340713
-0.707439100653 0.656977603853 0.260596137544
0.931776509315 0.213717380229 -0.293457693845
-0.847567481966 0.292876307309 -0.442552632046
0.452120124691 -0.888741681526 0.0756678027193
0.745070147658 0.509280044057 0.430702114917
0.651280743293 -0.480113157667 -0.587643386121
-0.265521089978 -0.477485362999 0.837559716617
-0.345441007624 -0.922442471676 0.172541000058
0.455793056165 0.859023218259 -0.233091828348
