0.317430228959 0.639632978821 -0.700076925879
0.626549391589 0.331456898428 0.70538796728
-0.0719403730046 -0.694941090142 -0.715458918432
-0.949719446159 -0.228851268766 0.213682171392
0.589179680335 -0.132656668863 -0.79703796176
-0.0898480103017 0.721082616297 0.686998686694
-0.532537222905 0.0560746935055 0.844547059061
-0.510894440782 -0.858756710504 -0.0390356573192
-0.173146676244 0.0609619164432 -0.983007565205
0.184726976819 -0.305485128676 0.934106407318
0.979953366356 0.138219233185 -0.143481160248
0.171753869662 -0.904113758382 0.391253012973
-0.763933836957 -0.303787736811 -0.569313712917
-0.784381923153 0.560573617785 0.265522537037
0.807175927103 -0.406045471035 0.428478818797
0.603139697231 -0.748963100906 -0.274366140597
0.581008709269 0.811894245807 0.0570667449379
-0.194788747146 0.975792962374 -0.0994255428314
-0.682243947867 0.499509175376 -0.53388554889
