0.795688344072 0.360631511207 0.486646660558
0.0886458524803 -0.929020140963 0.359254075165
-0.158672670247 -0.385932259599 0.908779002133
-0.343218738876 0.87411969905 -0.343679573174
0.373296826883 -0.84069941676 -0.392267727066
-0.134429605263 -0.448046093558 -0.883845789307
-0.797467818989 -0.431679159385 -0.421542620657
0.827545855892 0.465099497819 -0.314404697046
-0.403374881757 0.791964943351 0.458345102811
0.956856932594 -0.286760884707 -0.0468295371409
-0.671925992562 -0.655260902644 0.345179098419
0.204301909287 0.525682444829 -0.825783686603
0.113301546285 0.375327998148 0.919941114102
-0.925303664743 0.367428529107 -0.0938584253604
0.615501222218 -0.404274322032 0.676550454877
-0.757388757913 0.0899714867477 0.646735959229
-0.551325300259 0.239444593624 -0.799191278655
0.325615467741 0.937472946304 0.122959514131
0.615458546958 -0.168184926416 -0.770015978732
