-0.960494458405 0.204837208683 0.188393506558
0.729311056571 0.672776690339 0.124406220504
0.448192323723 0.189604376435 -0.873598203634
-0.451825412139 0.47355793253 0.756040132191
-0.822990706723 -0.566308205078 -0.0445119479371
-0.142745736719 -0.893295761707 0.426199878888
0.96093941206 0.00523579604563 -0.276709292924
-0.00950165338727 0.958600850825 0.284594672088
0.180790229497 0.850781674613 -0.493442433381
0.189506030985 -0.324198814064 0.926813138221
-0.585751585743 0.770938355161 -0.25009824538
0.850136448037 -0.101196947173 0.516746744162
-0.628442845095 -0.313855727375 0.711726192326
-0.802096496926 0.071738697896 -0.592869942604
0.608192890799 -0.779499367697 0.149940465989
0.354443855952 0.465187281938 0.811153712746
0.522922712236 -0.576644438552 -0.627720501907
-0.171654715262 -0.908359566135 -0.381336540787
-0.179327856281 -0.31640060061 -0.931521432869
