-0.740912629573 -0.671325921683 -0.0192349217902
0.573990269228 -0.748445240272 -0.332212120709
-0.227652021754 0.95636648714 -0.183133009765
-0.528386285918 0.676526990583 0.51295142447
-0.236607153262 0.0760978329947 0.968620759038
-0.0191761703477 -0.9865189929 0.162519386963
0.237002393667 -0.555911154662 0.79673876115
0.18565305913 -0.163446805551 -0.968926252813
-0.28845894354 0.476368160458 -0.830581009652
0.847807602015 -0.0141812717669 -0.530114290975
0.892651373557 -0.334885310722 0.301704083415
0.548611200078 0.189660422411 0.814281692856
-0.866748995435 0.461587173635 -0.188900661854
0.881350365476 0.455031809581 0.12715182085
-0.872000069447 -0.0545764821408 0.486453786583
0.472915233976 0.708641692355 -0.523620218603
-0.188125902201 -0.777714723129 -0.599807014254
-0.7286622741 -0.179900171184 -0.66082313724
0.258290718872 0.852562584422 0.454337918502
