0.824833905172 -0.508252160775 -0.247646461608
-0.73841528365 0.458158922654 -0.494806295902
0.600950875726 0.743965481937 -0.292187280096
0.188106469149 -0.669456476255 -0.718640370884
-0.227629100607 0.40865797766 0.883845942374
-0.558735965835 -0.718836008346 -0.413628956419
-0.987866039577 -0.15274509477 -0.0281002468528
-0.0045203007727 0.592351137697 -0.80566723686
-0.0659326489155 -0.382333541933 0.921669110104
0.972147656159 0.179183049421 0.151070743111
-0.583015730805 -0.710423083832 0.394197538795
0.616283690882 0.0584128883732 -0.785354917744
0.536031208437 0.149307825255 0.830889714041
-0.368559565713 -0.119843841125 -0.92184667937
0.314138215786 0.831391844458 0.458371882155
-0.229563095985 0.965300293797 -0.124483443706
-0.775642504219 0.551384518259 0.307170667012
0.601609061935 -0.603520650229 0.52328707355
0.0836597143144 -0.996051436506 0.0297083832358
