-0.976524481492 -0.158024158558 0.146384091888
0.50156782987 0.851806324412 0.151181009825
-0.71519657082 0.554042804189 0.42606388748
0.20450771258 -0.972822121265 -0.108598876022
0.45946084868 -0.0479027153641 -0.886905326622
0.81763274804 -0.485623721878 -0.309267344027
0.0139979104442 0.646764513024 0.762561291435
-0.327225890265 0.131804335172 -0.935708733512
0.271966842407 0.703876088696 -0.656195465081
0.638413357025 -0.610195002982 0.469137979605
0.848472148491 0.199523960375 0.490188945685
0.89457921926 0.319123859857 -0.312870552367
-0.0948482217991 -0.625519641287 -0.774421715337
0.252120264555 -0.0994567371673 0.962571415342
-0.258251072015 0.960617774896 -0.102566438747
-0.145925943717 -0.789289427323 0.596429223686
-0.544779374496 -0.12571465583 0.829102682684
-0.583391851475 -0.79751500371 -0.153700248828
-0.81658988356 0.441605371326 -0.371706413833
