-0.0463491588727 0.967738637246 -0.24765638585
-0.875032508399 0.00792210730001 0.483999327955
-0.826980738492 -0.555122972914 -0.0891142138283
0.510814746156 0.166986645842 0.843317114269
0.590101806706 -0.720260805527 -0.364697449599
0.971797687733 -0.0664864900507 0.226249421562
0.703637851095 0.697027304959 -0.138009820842
0.192955045451 -0.301298656221 -0.933802693396
-0.0383418776782 -0.417881164998 0.907692256415
-0.591570946888 -0.211777769737 -0.777942151476
0.237071797736 0.496268597359 -0.835173300575
0.827819114876 0.0233356090166 -0.560509556028
0.229390011067 0.836838951041 0.497072220952
-0.194314940788 -0.849791803876 -0.489995503909
-0.274392083881 0.351474947479 0.895083429406
0.54466106953 -0.714670146597 0.438851798335
-0.232370913192 -0.921653550305 0.310738623141
-0.612803978275 0.740147918173 0.276861596172
-0.678780722665 0.538314034858 -0.499474454215
