-0.233227557394 -0.960186164974 0.153777225444
0.620425857883 -0.17646232357 -0.764154960221
-0.154414974554 -0.0856323308272 -0.984288128319
-0.324289523097 -0.493231047706 0.807192318341
-0.51351424879 -0.663656257944 -0.543933348473
-0.413876591211 0.769289885737 -0.486722959136
0.417745496209 0.908365569477 -0.018991908442
0.271066967874 -0.841858452638 -0.466687309286
0.8100987012 -0.00503812672964 0.586271875151
0.872271909611 -0.485211659008 -0.0609209460495
-0.427768980969 0.30723385223 0.850071208173
0.416283046707 -0.710613861148 0.567218093301
-0.912865133568 0.352955450119 0.205182109717
0.930250403613 0.309345802014 -0.197330588999
-0.871332507257 -0.463815100309 0.160172452446
0.325465735297 0.575924934307 -0.749921679371
-0.830648468287 0.0797587106306 -0.551055051888
-0.322071748769 0.895801864632 0.3062822358
0.309621806847 0.614069254878 0.725984357227
