0.268719767883 0.406280755443 -0.873341647985
0.409025613431 -0.407676903087 0.816393036623
-0.496962674215 0.549582897117 -0.671555462813
0.181137507209 -0.393132467666 -0.901463291737
0.0657188456541 -0.943724707389 0.324136869223
0.931108336926 -0.294990733924 0.2145174394
-0.0491181229747 0.23563273902 0.970600135121
-0.975326376883 0.143208858025 -0.168016908494
-0.242755394839 -0.876355831727 -0.416017156466
-0.597471562462 -0.243444406652 -0.764043554334
0.547735572761 -0.781250207583 -0.299389137217
-0.58795642447 0.8042736246 0.0863202160426
0.79719817048 0.594961079529 -0.102451895197
-0.765968143528 0.21586071442 0.60555508013
0.682381345885 0.334225129223 0.650114806619
-0.797718296387 -0.594227883027 0.102658378333
-0.392534385496 -0.472970912238 0.788806232468
0.102076207061 0.947837684414 -0.301967170329
0.830764089658 -0.0715988189697 -0.5520005765
