-0.742410739767 0.643317312682 -0.187000344071
-0.029253778338 0.996969256525 0.072086878115
-0.540384217786 -0.593784344676 0.596158577214
0.331696555862 0.728514240868 -0.599369998985
-0.357019519494 0.387712256528 -0.849833082927
0.27625348347 0.631141393673 0.724806563204
0.925786455277 -0.0037090632157 -0.378028678905
-0.763450121218 -0.620215857262 -0.180211550165
-0.167300121565 0.00799471449699 0.985873599334
0.34394294452 -0.00478226991765 -0.938978370789
-0.342221375152 -0.420309447249 -0.840371643347
0.803099010609 0.0133562623964 0.595695886685
0.762272604499 0.642397855321 0.0791547339678
0.768568030034 -0.630746025838 0.107063691789
-0.520472643933 0.61753128089 0.589714629325
0.255487800285 -0.632134744496 0.731526929583
0.358309749277 -0.72983837238 -0.582194189059
-0.0697868254652 -0.995518591132 0.0638164062187
-0.961217085491 0.0174842529883 0.275238106842
