-0.581623507108 -0.0958333116982 0.807793335172
-0.606850399746 -0.649810993157 -0.457687956474
0.99380395105 -0.0142132218985 -0.110234709603
0.687200889724 -0.0258281368427 0.72600815733
-0.558079506098 -0.75599889396 0.342071538139
-0.98947449359 -0.13931635386 0.0391302962092
0.558640504792 0.18960479604 -0.807447092833
0.691212245334 -0.678364931269 0.249091653662
0.709632637997 0.647060486768 0.278808618147
-0.474686236692 0.804250460688 -0.357567019141
0.0514818125164 -0.989571326863 -0.13452959537
-0.038805416265 0.950887471158 0.307094703411
0.608062878971 -0.574313383472 -0.548109179619
0.101184312738 -0.587832641603 0.802629752951
0.0356046396623 0.416161273741 0.908593475583
0.33073505734 0.852423585427 -0.404954754083
-0.744086346882 0.560036427593 0.364272848497
-0.0501807792621 -0.323969089467 -0.94473589879
-0.690651256413 0.11197083286 -0.714467196311
