-0.650307769352 -0.462535000357 0.602628557707
0.397186303443 0.9039251156 0.158626686734
-0.673590651573 -0.238901563465 -0.6994295369
-0.0237218717894 -0.715966142789 -0.697731864816
-0.407161743643 0.888711625407 0.210739083657
-0.586765052504 -0.799756858329 -0.126868990364
0.0236341385928 -0.222944335643 0.974544637612
0.994559350847 -0.088285784057 -0.0552930192357
-0.763829733213 0.504945407813 -0.401987902539
0.667138409458 -0.484812451334 0.565582204155
-0.0336359111975 0.190519558056 -0.981106988802
-0.0472622891739 0.857466190511 -0.512365112155
0.689367558299 0.530452546383 -0.493348219415
0.586105677378 -0.79093276354 -0.175799597564
0.00898344680441 0.568637957969 0.822538856493
-0.896252821975 0.264528804003 0.356027233445
0.616508492565 -0.229195500627 -0.753250755783
0.739894482015 0.31760651922 0.593028038488
-0.00281839713819 -0.90833365547 0.418236807297
