-0.0560495264687 0.69915950955 -0.71276534062
-0.0889817690857 -0.679934060991 -0.72785432435
0.703034247141 0.528122062589 -0.476266663071
0.998441079105 -0.0372951974601 0.0415268563847
-0.0166062546669 -0.662069756813 0.749258212781
0.675549080055 -0.532281054957 -0.510206153403
0.0136323674996 0.999304030182 0.0347219501083
0.273085572332 0.00400414299257 -0.961981411994
-0.741917292426 -0.620192346031 -0.254794397749
-0.507889219879 -0.0297291436917 0.86090923932
-0.527408680821 -0.0116109051153 -0.849532383301
-0.978866477075 0.00157002139086 0.204494388899
0.685192853741 0.653076344046 0.322493475948
-0.755901022616 0.564946895269 -0.330830242774
-0.591705286456 0.665913731109 0.454360822146
0.0933960785459 0.510730312646 0.85465298236
-0.0796345510855 -0.996696413994 0.0159560836349
0.635284569814 -0.721751223906 0.274752044843
0.639463335512 -0.0786877954 0.764784200537
