0.0191990331826 0.995517710507 0.0926060753477
0.981257014735 0.0147431745645 0.192138777548
-0.0111362184841 -0.982064946072 -0.188213778278
-0.113267917932 -0.646236854685 0.754684242856
-0.675109025056 -0.426008844878 -0.602282548621
-0.721067810066 -0.0986083923259 0.685811634671
0.683927553664 0.686216596085 -0.247689088569
0.523797420826 0.156970111448 -0.837255424616
0.771163395825 -0.484790903927 -0.412655784412
0.571960575307 -0.75401707035 0.322985073828
-0.994538408646 0.0837431443723 -0.0622931737764
-0.277008790396 0.190040807611 -0.941886734956
-0.689381430614 -0.707567069372 0.155248463646
0.566842665686 0.61437886959 0.548842415416
-0.105370218429 0.36782434509 0.923906038635
-0.64688888946 0.652058334352 0.395417113053
-0.557665587935 0.724761026218 -0.404636314372
0.088993029648 -0.524341249018 -0.846845024342
0.52052532313 -0.137152757678 0.842758867673
