-0.00367683499917 -0.593917544496 -0.804517514554
-0.799096432313 0.36952014606 0.474235968185
0.939280411702 -0.136438438524 -0.314860065244
-0.257504417046 -0.964308768755 -0.0616447378444
0.0859814315527 -0.762283659621 0.641506676273
-0.81950050627 -0.474136141473 0.3218910368
0.519581913959 -0.822203808075 -0.232412419363
0.0403848250246 0.75172842001 -0.658235101203
-0.438796079726 0.898376420382 -0.0194372765072
0.364881879933 0.929091412021 0.0604182241137
-0.380016383876 0.112252693899 -0.918143170044
0.793235793834 -0.43745980635 0.423563328452
-0.370537732357 -0.154401760613 0.915894036021
0.403738970324 0.0773216688809 0.911600901362
-0.736277857234 -0.470619888501 -0.48622200433
0.876450761181 0.35976616569 0.320003701931
-0.894741153653 0.3054957511 -0.325746241759
-0.0920493566529 0.7118271138 0.696296686764
0.427531169276 0.0847373027518 -0.900020382447
