0.00698880733849 -0.858266172274 -0.513157221622
0.550341081587 0.825008327159 0.128397640304
-0.0448232280514 0.910105712731 -0.411944741295
0.949965072192 0.217315732813 -0.224366294009
-0.699893443131 0.31063686299 0.643159317443
0.426582036126 0.391822071164 -0.815170675996
-0.467384787147 -0.454992273699 0.75797987547
-0.578377343619 -0.814655805033 0.0426094791489
0.635580151732 -0.37620827738 -0.674170010275
-0.992383454388 -0.120590659388 0.0251589412431
0.0893294479856 0.374308713178 0.922991460936
-0.377808467329 0.32953522708 -0.865255624731
0.333788771311 -0.403104091619 0.852110408026
-0.21470334198 0.900441622856 0.378295332737
0.798685083613 0.194698157302 0.569381036527
-0.646093143571 -0.401690647623 -0.649005603553
0.851981777422 -0.506982403902 0.130751264139
0.186279819816 -0.944577547216 0.270320339644
-0.759193978976 0.632021687548 -0.155476971787
