0.156652320784 0.472185003506 -0.867468369946
-0.345241518549 -0.321963697227 -0.881559794647
0.0826934159399 0.831320869373 0.549606596672
0.788121414429 0.454301968007 0.415300322639
0.941068510077 0.111065119343 -0.319459854452
-0.506529615218 0.333422025655 0.795146214048
0.265183946179 0.151849138637 0.952165591578
-0.892752148899 0.440764908189 0.0933803852314
0.762139220322 -0.342230121704 0.549565603586
-0.914472581722 -0.258421902721 -0.311380823868
-0.277220540516 -0.439273848945 0.854509951697
-0.623713114372 0.406036302754 -0.667919509976
0.460749269612 -0.276222550759 -0.843451962476
-0.3060404764 0.939962061278 -0.151031619745
-0.578048789537 -0.792858898837 0.19296207775
0.491942929936 0.839570279651 -0.230464529186
-0.0321215902536 -0.911641567679 -0.409729002535
0.19845138167 -0.899052428564 0.390284229513
0.716602235815 -0.671978930193 -0.186883795451
