0.80683243169 -0.55998346494 0.188255003033
-0.970474299782 -0.241059822197 0.00835437518642
-0.749570724688 0.232786707336 0.61964028079
0.483021820412 0.561707358697 -0.671695440056
0.23582677505 -0.615462682933 0.752058121482
-0.13808339511 -0.752177442616 -0.644330715405
0.970563727873 0.120160349329 -0.208728389508
-0.555622452909 -0.54782189844 0.62543973124
0.088757025261 -0.0608270940196 -0.994194274325
-0.0509369240837 0.0960098814193 0.994076220636
-0.665803450774 -0.151245431285 -0.730637108593
0.0356436197748 0.987105567049 -0.156051696148
0.625932817182 -0.505783463311 -0.593625468301
-0.104017169764 -0.986759386123 0.124444133217
0.66508469015 0.701709383067 0.255472692558
-0.165722019034 0.785569767159 0.596168057962
0.700497863356 0.0407405043156 0.712490669933
-0.832520449841 0.54114518184 -0.11862374454
-0.329767444602 0.579413938814 -0.745340807945
