-0.878611691515 -0.327212198882 0.347812697347
0.802008095155 -0.589430784191 -0.096717971205
0.497522890585 -0.334054742602 -0.800548813183
0.624046794781 0.73630004606 0.261587155831
-0.155136171855 0.951126913254 0.267002552547
0.120523839881 -0.915326456067 -0.384254450649
0.925501168002 0.172260798099 -0.337303728804
-0.901885960795 0.42817001325 0.057202740094
0.438145620257 -0.648368730069 0.622612564375
-0.502475493346 0.412716924753 0.759725686422
-0.255520700583 -0.343300257859 0.90379981441
-0.650401925213 -0.675193714813 -0.347981009763
0.398785505389 0.759237467251 -0.514323428413
-0.267297084217 -0.907205624264 0.324854158158
-0.756235082412 0.0666608685437 -0.650895405372
0.892404057438 -0.00216133727705 0.451232010044
-0.0355579926318 0.250099070991 -0.96756709527
-0.408594505652 0.77612865405 -0.480286208748
0.293741402328 0.316521379095 0.901959092828
