0.802661485687 -0.258815680828 -0.537353684971
-0.263255093963 0.756433520808 -0.598752940787
-0.230143619263 -0.319627735659 0.919169203743
0.450611016803 0.42601901683 -0.784510999817
0.330519990877 -0.768290209374 0.54816666244
-0.87355344735 0.459809426077 -0.159623514288
0.436928894678 0.782571570499 0.443480414497
0.109209171175 -0.287291316648 -0.951597108187
-0.453022920344 -0.830942874226 0.322961566469
0.385608872699 -0.888365486601 -0.249223914405
-0.368394721843 -0.77297505598 -0.516521917977
-0.315949652321 0.929772625638 0.18894094795
-0.930289415883 -0.345620900969 -0.122913772656
-0.828109492795 0.0835972098876 0.554297911273
-0.623620139719 0.00830153613204 -0.781683443496
0.497185182428 0.0532312473581 0.866010004953
-0.193304003588 0.48506393936 0.852846139071
0.899645535459 0.421886015806 -0.112472664215
0.919193248974 -0.294295302648 0.261675459071
