0.562979170216 -0.129056102502 0.816332638273
0.154801916377 0.281225766602 -0.947073616402
0.0985996827115 -0.901769722485 0.420819997361
-0.226975019156 -0.427844492268 -0.874889382217
-0.352885443341 0.884867035032 0.304108852536
-0.0250230069627 0.442683221478 0.896328854018
-0.754903311414 0.251488596498 0.605701639628
-0.149349958365 0.86548191977 -0.478158589265
-0.376698530274 -0.896488876058 -0.233250750037
0.629576587707 0.658516575943 -0.412297513236
0.797670373555 -0.576341663145 0.177629565319
0.960097035412 0.21572037878 0.177984271134
-0.869565065741 -0.279490494507 -0.407113816915
-0.214444042939 -0.343150909594 0.914473184786
0.450825367416 0.816703343519 0.360211239107
-0.775837264192 -0.518413247881 0.359616801488
0.827486853275 -0.113267297332 -0.549941839662
-0.83037262827 0.508137105956 -0.22864378358
0.383822695368 -0.786054305833 -0.484560385093
