0.110896556114 0.633105582736 -0.766080462452
-0.213315393229 0.970526893589 -0.112134258067
0.257743827704 -0.664205331468 -0.701711762001
-0.816363927623 -0.300607763252 -0.493137820846
0.649214304722 0.0357897153674 -0.759763043861
-0.65667394031 0.482761687668 -0.579413918574
0.855146569467 -0.48508757155 -0.182796041138
-0.414749273891 0.676407925026 0.608650440539
-0.627631115908 -0.08112950546 0.774272035972
0.949862015079 0.184315751376 0.252566537974
-0.117816852154 -0.699136479454 0.705214415936
0.647210934107 -0.477860199388 0.593942452274
0.142073824725 0.00661744282048 0.989833944548
0.389238232235 0.678280572113 0.623240775351
0.252212086227 -0.966701680656 0.0433234829847
-0.541791349717 -0.839717384798 0.0365629189155
-0.213724955172 -0.0725290962647 -0.974197707722
-0.971679873494 0.210007851546 0.108327862236
0.598174020556 0.788053228967 -0.145464598605
