-0.0306034841961 -0.94875524841 -0.31452647801
-0.107514180954 0.984449320812 0.138925288001
0.350423290421 -0.450200827634 -0.821293329042
-0.754467574783 -0.655313093553 -0.0366528037042
-0.767468356216 0.283567395732 -0.574962480762
0.656822810655 0.731022800748 0.184903921508
0.806313138877 0.166119696707 -0.567682453878
0.522368450838 0.247217864016 0.816097132259
-0.278096608466 0.543216660502 0.792198167199
-0.167409681543 -0.863492551519 0.475767392743
0.294960371356 0.792852339645 -0.533276238781
0.712419999814 -0.687502046358 -0.140707782726
-0.809360491209 -0.129835284884 0.572781279433
-0.0683986673752 0.222295603736 -0.972577136715
0.979268204292 -0.00807984009969 0.202406769271
-0.11263814133 -0.22649135272 0.967478328574
-0.800181568155 0.57299006053 0.177177449238
-0.472198159851 -0.443363343891 -0.761877840029
0.553157023982 -0.538331575313 0.635780167857
