-0.429953603241 -0.689449877888 -0.582922606304
-0.710449545269 0.65039751454 -0.268783401101
-0.212027790332 0.929048595577 0.3031714419
0.667496682739 0.309289882074 -0.677338871895
-0.982035273759 -0.121331764399 -0.144517556166
0.223081724029 -0.956381144784 -0.188599178965
0.0951701017587 -0.799002253023 0.593749148543
-0.0489008408947 0.679382341761 -0.732153222668
0.174101741395 -0.281534925282 -0.943624220487
-0.476650897069 -0.280444760814 0.833159443597
-0.574337267755 0.0709727656363 -0.815536369149
-0.780330518256 0.386243757594 0.491833347789
0.461506117834 0.62455906207 0.63003022244
0.797409637897 -0.444743390303 0.407849465086
-0.610493747419 -0.766058120696 0.20112767109
0.958674332201 0.274228464171 0.0757777950188
0.805300921879 -0.437335542383 -0.400284959233
0.462896791599 0.875571374287 -0.138207557158
0.30318940156 -0.101629660644 0.947495434743
