0.482891754026 -0.7141533258 0.506754951769
-0.758229367056 -0.0783835998315 -0.647259019413
-0.161280489438 0.404058937823 -0.900402675747
0.619822058713 0.282792307713 -0.732017162525
-0.89198326019 -0.448229481939 0.0587894128346
-0.274366179696 -0.911989309313 0.304956880785
0.185504819935 -0.389294872632 -0.902240247342
0.380498628062 0.624012271504 0.68251701741
-0.549083200206 -0.307778598823 0.777032800696
0.106987516499 0.938177347898 -0.329206523637
-0.674057015117 0.660485502916 -0.330765839846
0.380451231957 -0.882314967702 -0.27708691393
-0.882189643107 0.300720669904 0.362365164284
0.862278417512 -0.000538421117219 0.506434241334
0.92573250717 -0.286554121439 -0.246791532785
-0.394263623563 -0.781258996819 -0.483932407495
0.210475562487 -0.111460887162 0.971224231694
0.789755371306 0.613254888859 -0.0143141463094
-0.31610008647 0.877539399414 0.360562529681
