-0.380728770217 -0.788845721523 0.482460393363
0.510901473267 -0.548778370542 -0.661681180508
-0.966761745447 0.255048374073 0.0179458748043
-0.475340785565 0.852743113035 -0.216518638342
0.128320108723 0.0902465320568 -0.987618100861
0.344905151323 0.450300152411 0.823571617608
0.243609155174 0.778215611295 -0.578822115898
0.805446306451 0.197138909917 -0.558920833054
0.204386487169 0.956349995644 0.208856050176
0.00182575562178 -0.978971680443 -0.203988027853
0.94856732014 -0.312196669608 0.0524716937785
0.427278899806 -0.781529690687 0.454581218657
-0.838316622868 -0.529105516276 -0.131425235288
-0.630864597491 0.241302212666 -0.737416504965
-0.349001298797 -0.526756412499 -0.775065013614
-0.461631729195 0.677466303953 0.572656575626
0.0357137478174 -0.284573950859 0.9579886193
0.855959060368 0.477774132043 0.197651121234
-0.704905491148 -0.0822293144126 0.704518692727
