-0.991767356761 -0.114279853569 -0.0577721830322
-0.0226351097897 0.347142181641 0.937539309859
-0.16586875255 0.909162275095 0.381983657336
-0.579804399099 -0.64467892955 -0.498212742289
-0.616697588349 -0.727898698437 0.299745841237
0.192125838746 -0.868635267194 -0.456684173881
-0.659209183156 0.163599663938 -0.73394713897
0.384570500112 0.900543967237 -0.20279569403
0.226375273151 -0.911046981751 0.344597784015
0.867150481662 -0.4844467887 0.115591310542
0.355514113768 0.411506222034 -0.839209356561
-0.752157571397 0.650978119707 -0.102403493362
0.595200933242 -0.144465458521 0.790484396027
0.936177993344 0.313832998095 -0.158365444733
0.709188589646 -0.283105437721 -0.645680149493
0.60618212494 0.608713300867 0.511870441372
-0.143697292939 -0.44500301028 0.883925001821
-0.749419908337 0.269788813957 0.604635259352
-0.0304123398517 -0.282608016939 -0.958753252066
