-0.875603502855 -0.448040968853 0.180493202134
-0.458728323346 0.825644591286 0.328449896088
-0.423049925617 0.74868361201 -0.510393582976
-0.945691258756 0.317580313612 -0.0693598408253
0.767385244353 -0.289765574914 -0.571975347672
-0.234575420003 -0.929337402771 0.285142708377
-0.655873686801 0.00152595675133 -0.754869113435
0.815587336775 0.478560614089 -0.325264561141
0.223740036578 0.971392476992 -0.0796056007784
-0.152510693916 -0.410032546256 0.899229558707
0.297537741238 -0.898533920204 -0.322657847853
0.0405680298957 0.374505914783 0.926336631437
-0.701071095606 0.148438260961 0.69747071737
0.672560825418 0.576214283202 0.464369503679
0.502273938919 -0.692203642892 0.518242228162
0.973796681655 -0.122598174385 0.191545583178
0.0471942423667 -0.356686675899 -0.933031252812
-0.483587099918 -0.743585744734 -0.461761580278
0.224457696173 0.429870318104 -0.874545740509
