-0.349901312456 -0.125927246207 0.928284116101
0.679569841915 -0.35550041229 0.641719788398
-0.714548733374 -0.489171275929 -0.500131553134
-0.891300867484 0.178253740299 0.416903307365
-0.0015315890513 -0.783117951584 0.621871311561
0.613719273754 -0.776493005452 -0.142854000668
-0.127425016787 0.629952042702 0.766109188688
-0.106384510058 0.815664371178 -0.568659801296
-0.32048553254 0.133705042091 -0.937769686625
0.252245315175 0.957880281031 0.137250385006
-0.541977415871 0.833498862693 0.107424981146
-0.183586068111 -0.97322577974 -0.138303063039
-0.727560361988 -0.604017025382 0.325298866755
0.659684838452 0.597725270979 -0.45556603731
0.0210668451574 -0.583655016839 -0.811728408615
0.642705459455 0.447858160286 0.621572812028
-0.878742221163 0.289099965311 -0.37978061931
0.700610284124 -0.169788071751 -0.6930492338
0.998677068771 0.0463836912854 0.0221960693407
