0.512819132956 -0.858484672649 0.00453912991131
-0.301292389781 0.87847716082 0.370810967716
-0.955879867679 0.271637967762 -0.111832432844
0.966524352798 -0.21088633571 0.146142495052
-0.0696567513809 -0.230255069385 -0.97063409172
0.0306341478967 0.393779276944 0.918694416023
0.689357235506 0.54357024811 0.478871576965
0.66764753095 -0.373426333673 -0.644049336415
-0.746285220803 -0.362393647329 -0.558327156412
0.526957524826 -0.229802570112 0.81823379654
0.310274249373 0.939297040604 -0.146461461446
-0.260765041555 -0.368745219399 0.892204324285
-0.125311344879 -0.866426827702 -0.483323513894
0.841918580799 0.38389748863 -0.37920419503
-0.432717630001 0.798946743518 -0.417659614649
-0.86246682588 -0.434557139878 0.259443763536
-0.226702070757 -0.922790170325 0.311551717481
-0.714036797384 0.250153391866 0.65389198842
0.193324858784 0.516416300448 -0.834230006418
