0.337027711318 0.866890006534 0.367306463836
0.534320490767 0.710594284319 -0.457774372634
-0.44847625175 -0.108439881324 0.88719211209
0.25596021033 0.286058213181 0.9233932366
-0.937976607365 -0.233403392045 0.256364468323
-0.205513556544 0.952299373449 -0.225588300685
-0.831588961401 -0.135023264271 -0.538728611995
-0.42528393218 0.655787083277 0.623760273211
0.529153612535 -0.691353913751 -0.491961604479
0.366270549923 0.0576558521685 -0.928720456849
-0.565308885318 -0.806021072553 -0.175373586328
0.875246157401 0.265138201809 0.404531701967
-0.858906840001 0.509496896497 -0.0518840308721
-0.186287027284 -0.523996981688 -0.831098253305
0.81474564832 -0.525039995871 0.246013274601
-0.3412473484 0.436270154581 -0.832597501456
0.934237140182 1.79440776593e-05 -0.356652443679
0.24652684605 -0.515518206401 0.820649433708
0.148733166583 -0.975311934742 0.163233192419
