-0.733062703246 0.242159565425 0.635592493649
0.733433436753 0.0909204539163 0.673653371485
0.0691363471553 -0.427755388069 -0.901246632992
0.575313726906 -0.673500199313 0.464124549189
0.521172562525 -0.785156460815 -0.334527266619
-0.706506910533 -0.547378910403 0.448580331507
-0.0523347823491 -0.420248801466 0.905898457567
0.022778009769 0.384307799223 0.922923982637
0.762964374536 0.496420769565 -0.41406736497
0.981244842434 -0.187821199302 -0.0433792149476
-0.992234004252 -0.0446440866786 -0.116097314057
-0.298499073123 0.87944384751 0.370778670398
-0.0986274967371 -0.984600852126 0.144339110706
-0.67197481309 0.670331872507 -0.314809515856
0.0904600780775 0.937756814147 -0.3353045359
-0.576006476113 -0.686252378159 -0.44415561794
0.504542307615 0.792175020135 0.343359574354
0.140275521906 0.377217207553 -0.915439761142
-0.585577685222 0.0372423503352 -0.809760323745
