-0.740970537448 0.495693987106 -0.453045399248
-0.941986188582 0.192783574562 0.274766289598
0.218264202776 -0.577025034658 -0.787021503623
0.383775509194 0.804620221316 0.453103363474
0.93954072264 0.319664595419 0.122791599619
-0.715339793107 -0.600223370798 0.357800063648
-0.235349256867 0.971129861524 -0.0389553507057
-0.362278276631 -0.140960376515 0.9213493488
0.415339155024 0.200317278639 -0.887336674652
0.794152103377 -0.402416061543 0.455394060253
0.490731737098 0.798365832139 -0.348990487375
-0.339541012853 -0.89313500234 -0.294994522297
-0.879145057315 -0.296561574986 -0.373035119581
0.39663712564 0.136574182476 0.907759044705
0.438855884388 -0.895199669354 -0.0776084062937
0.8684187326 -0.291772994616 -0.400895777582
-0.371785252085 0.630663147209 0.681204610293
-0.358076929542 -0.0296501243244 -0.933221186353
0.067154583965 -0.771853445784 0.63224403523
