0.335582774419 -0.826056388941 -0.452785869702
0.901665202627 0.190117421922 0.388400860264
-0.299104547221 -0.0799981533231 -0.950861065191
-0.283861923013 0.826117340722 0.486777719315
0.918450918667 -0.324868002608 -0.225629543458
0.250292857464 0.963509754389 -0.0948811820082
0.812071088232 0.457860654999 -0.361806810691
0.294429199107 0.41572174594 0.860515471486
-0.853362646286 -0.432066625039 0.291702974703
-0.237093851493 -0.941847372439 0.238138683572
0.0171967182373 -0.507095096096 0.861718536645
-0.458903821069 -0.732327217633 -0.503094553063
0.0889283696597 0.603296285102 -0.792543587099
-0.903024753048 -0.0697504076133 -0.423888164521
-0.508919288146 0.807196094941 -0.299057891494
-0.457504664232 0.138588549608 0.878340876952
-0.896365508169 0.367550016467 0.247862585237
0.497684166193 -0.0825757872284 -0.863418618102
0.542956434553 -0.77643786976 0.319910213311
