-0.621582119546 0.312891179776 -0.718146766532
-0.834006096462 0.550208213458 0.0412886534886
-0.468611187165 -0.873096050311 0.134561666888
-0.0528476334608 -0.325831744498 -0.943949575939
0.234586764594 -0.815758517328 0.528684302097
0.555389003191 0.634963017661 0.53699629546
0.171656738621 0.447666169071 -0.87756992038
-0.223592849156 0.911055644269 -0.346386851443
-0.416254522628 -0.423949172313 0.804362649361
0.569060747986 0.780851986285 -0.257759656688
0.719709070743 -0.118251948689 -0.68413107671
0.784192961258 -0.619769571866 -0.0304479441489
0.986204715039 0.158967941295 0.046146003886
-0.216703499721 0.86097215596 0.460180985994
0.128850913921 -0.903490126618 -0.408782378638
-0.0194581308095 0.261510002188 0.965004611337
0.662677706151 -0.14174115472 0.735369092925
-0.722940403289 -0.462427680431 -0.513339861753
-0.946781086523 -0.228183230659 0.227019795279
