0.0710396853922 0.823545772851 0.562783904459
-0.181340437297 0.466447449609 -0.865761181016
0.723197396355 -0.574992125057 0.382582778007
-0.00318197072185 0.141357937789 0.989953437534
0.729147714444 0.223003160334 0.647003246516
0.995760324468 0.0219835244718 -0.0893202153361
-0.978086816763 -0.204578997825 -0.0386472835209
-0.685831662637 0.555242785452 0.470468255813
0.60499378197 0.37854268843 -0.700491225366
-0.523129375215 -0.828173181332 0.201158739579
-0.784871291847 0.523763861269 -0.33113210787
-0.613633451933 -0.210864512761 -0.760914018747
0.017052829667 -0.636493997752 0.771093114887
0.652365502163 -0.630416675505 -0.420706627988
-0.671042405753 -0.216936159398 0.708971644304
-0.119118650955 -0.858800322177 -0.498269759892
0.660975549828 0.750255672426 0.0150913392881
0.171373761631 -0.25578358726 -0.951423034361
-0.076849519303 0.969057795063 -0.234565856874
