0.388661021482 0.78282403069 -0.48593121669
0.0590060142126 0.229701333322 -0.971470837317
0.141561968548 -0.557677582012 -0.817897257351
0.870623004068 -0.266325539186 0.413625787355
-0.949794938685 -0.305723245914 -0.0665046716907
-0.274344319649 0.959616744351 -0.0622165431133
0.226774008852 -0.595295075923 0.770841956234
0.801835402473 -0.475212507623 -0.362261038397
0.299381561919 -0.952755710534 0.0512565744808
-0.413373698157 -0.854789887009 -0.313777683624
-0.845697694598 0.328586891153 0.420506913515
-0.586979057312 -0.213844319334 -0.780849661181
0.942066806628 0.293424969881 -0.162517441833
-0.182185337017 0.696151154322 0.694393313125
-0.811556011742 0.446789235447 -0.376505270738
-0.361763209484 -0.0673404235509 0.929834742102
0.404698370929 0.181213299148 0.896315217308
-0.51347885378 -0.715195288565 0.474167866831
0.525999655472 0.788103651681 0.319713929398
