0.145922026848 0.932114380211 0.3314657513
-0.188500147099 -0.861943989594 -0.47065938145
-0.841640578766 -0.404767820185 -0.357497060011
0.973380201334 -0.19244058947 -0.124489369728
-0.57530154429 0.817902800541 -0.00794619429872
0.451811302948 -0.891957408027 0.0166891819341
-0.197564854214 -0.219089532924 -0.95549353998
0.693122347905 -0.395283042489 0.602770874508
0.130592585535 0.0304772178807 0.99096756546
0.0817072734729 0.879165365138 -0.469459457464
-0.965454329964 0.14924242698 0.213599238631
0.435187156759 0.269513181112 -0.859054587205
-0.574706536167 -0.286665454785 0.766508522014
0.707438215301 0.409386999971 0.576136664158
-0.691263021874 0.333803290294 -0.640882827028
0.503703092857 -0.515480374538 -0.693226642385
-0.291137145137 -0.899006023825 0.327150319956
0.783782634487 0.585949008882 -0.205787611064
-0.460385407549 0.509488429783 0.726957231502
