-0.389917628049 -0.89776003091 -0.204917471773
-0.315506883382 -0.749130572102 0.582459262507
0.459058461242 0.875371463495 0.151624965163
-0.805455812643 0.413062396223 0.424994577267
0.346860703541 -0.924120549277 0.160277455505
0.616682296558 0.324878786364 0.717047222492
-0.576335187493 0.489035391305 -0.654738220748
-0.910693232031 -0.355396149779 0.21055026444
0.395303212931 -0.443879202621 0.80418071559
0.932865205542 -0.278339571025 0.228669174771
0.447573216129 0.0922691081233 -0.889474354824
0.674727161709 -0.561546156952 -0.47896677428
-0.0448157102226 -0.542237194989 -0.839029425281
-0.370123293575 0.928889120461 -0.0131814051998
0.168781339439 0.786799427897 -0.593683012827
-0.360873339407 -0.0258235408043 0.932257248642
-0.76294076064 -0.289968404657 -0.577788646526
-0.0954961476985 0.699964149146 0.707764562326
0.896161102803 0.349804773714 -0.27300530784
