0.834948326261 0.375585790048 -0.402239489343
0.067300137039 -0.429114412222 -0.900739425571
-0.515537116874 -0.737482440445 -0.436281023149
0.226045517792 -0.952659414412 -0.203330922436
-0.578643184926 0.732838972579 -0.357937291726
-0.109610232383 0.357331400806 -0.927523512885
0.606847844454 0.744761832468 0.277606748082
0.67708876584 0.081670551526 0.731355402104
0.153786860577 -0.522622251978 0.838579503238
-0.0414617693663 0.410431141738 0.910948516423
0.747265411645 -0.594386780659 0.297151071908
-0.410360446763 -0.83919049965 0.356880384764
-0.819218813104 0.44846111786 0.357439732018
0.211279644807 0.886933793674 -0.410742446466
-0.176528740951 0.93361594054 0.311767347854
-0.949189317033 -0.301428430517 0.0904463471122
0.761854237589 -0.422743266531 -0.490781266218
-0.576746026146 -0.183468834769 0.796054777005
-0.771707647947 0.000765392275818 -0.635976980932
