0.746191653251 -0.125136529409 0.653864562142
0.832829131698 -0.552899663298 -0.0264121131396
-0.946033994493 -0.316754890555 -0.0684545146296
-0.676789571494 0.736103374601 0.010377755891
0.0866397648474 0.995103115996 -0.0475745697009
-0.394251699118 -0.918890725618 -0.0143329032677
0.242260010279 -0.828882308192 -0.50424617657
-0.792670341655 0.177753874835 0.583161460868
-0.745589545167 0.238037858417 -0.622442132329
0.272944109072 -0.829404107512 0.487432395071
-0.200025558972 0.721520713428 0.662870753505
0.667561085283 -0.177363773259 -0.723121213457
0.0307887491831 0.0237799390521 0.999242997185
-0.0406318110424 0.102659001195 -0.993886404679
0.585303871515 0.648960265059 0.486076076724
-0.474462943258 -0.518136238519 -0.711631754357
-0.456631187179 -0.547821054317 0.700985057859
0.965436090289 0.241077686151 -0.099069192019
0.481410097705 0.60442022673 -0.634760196726
