0.390098402866 0.903995155765 -0.17497426792
-0.27580856827 -0.917870504199 0.285382850202
0.868730700342 0.273226243925 -0.413103364685
0.802358512624 0.469924064541 0.367956778419
0.307254843677 0.0510523965717 -0.950256867295
-0.317714175108 -0.343879308789 0.883631554395
0.100090953025 0.812822974147 0.573847204247
0.00783156115093 -0.670187877183 -0.742150170739
0.405042147788 -0.630054652248 0.662549616026
-0.156737856128 0.672595422571 -0.723221018772
0.942234998461 -0.297002387412 0.154863777384
0.452314538562 -0.885938367143 -0.102590291111
0.336234689703 0.128418996017 0.932981669114
-0.613566209834 0.438526432439 0.656681866814
-0.458463284493 0.888697550475 -0.00529910852337
-0.906531862342 -0.253604415084 0.337468195847
-0.921408297343 0.28082634346 -0.268595075173
-0.492140938976 -0.0480631245696 -0.869187685279
-0.695333245627 -0.630029320965 -0.345795795593
