-0.674055958049 0.435108510141 -0.596933120057
-0.0058257215349 0.192374801755 -0.981304232447
0.335208791395 -0.905181338552 0.261307884513
-0.382030733584 0.583875316055 0.716339398539
0.830317345676 -0.504688716494 -0.23635228984
0.784587996876 -0.296142942415 0.544721059641
0.352654846433 0.294276971894 0.888276771677
0.339035640791 0.880294453135 0.331868211875
-0.559344789462 -0.34984009705 -0.751495384548
0.733634802663 0.179608001298 -0.65537847248
-0.673092474447 -0.194705298161 0.713467846305
0.0700801930532 -0.462903626373 0.883633973562
-0.897455503892 -0.440503105233 -0.0230354685919
0.225618071145 -0.565388464119 -0.793367739837
-0.38835085629 0.921335519295 -0.0180131425634
0.235230812789 0.81653573307 -0.527196226594
-0.923833160316 0.344748792291 0.166374764057
-0.290567290409 -0.923666050048 -0.249823293017
0.923226425405 0.369030509496 0.107095520423
