0.945070325986 0.204332042055 -0.255128390285
0.195895109742 -0.237289876562 0.951482327981
-0.921067565439 0.387225379762 0.0411223195301
-0.217220114989 -0.80173753189 0.556805488122
0.400875102128 0.624179107781 -0.670596446384
-0.17611884747 -0.52846650265 -0.830484983092
-0.828093135831 -0.163192389747 -0.536311478825
-0.269614211506 0.263445708168 -0.926231361919
0.84872052581 0.0477372950557 0.526682655619
0.248960500779 -0.927683820892 -0.278247008084
-0.482245634883 0.182469879985 0.856821971319
-0.540863128173 -0.822069540497 -0.177957149812
0.276613692605 0.545528575965 0.791127952906
0.404109285868 0.91119219385 0.0801527974666
0.57807599996 -0.700617783171 0.418285620331
-0.314258027059 0.863559360898 -0.394343914159
-0.365374385218 0.83729703771 0.406737297612
0.599699997312 -0.35411768819 -0.717607536286
-0.861305218196 -0.339308740855 0.378183684851
