-0.385513338887 0.371656366335 -0.844541894107
-0.289591766252 -0.863627170578 0.412655690811
-0.682222914621 0.462554618534 0.566228858006
-0.874680209506 -0.306893475639 0.375167863375
-0.0360664294727 0.928806074551 0.368806844489
0.6926931464 0.715444669766 0.0911873315444
0.270889051849 0.384935763108 0.882294497245
0.771661848078 -0.635122818284 0.0340146720752
-0.609748797688 0.772131162161 -0.178940973897
-0.936528801576 0.0518895330638 -0.346729404835
0.141139298318 0.865499102733 -0.480615232424
0.125104618127 -0.92684338781 -0.353991764023
0.390037054837 0.152194027872 -0.90813439189
0.876549909243 0.0309995352738 0.480311654469
0.382967621302 -0.555039491803 0.738421941422
-0.305519539288 -0.179555629686 0.935102982009
-0.649104298893 -0.7019087269 -0.293236676186
-0.189475259753 -0.4113458605 -0.891568117976
0.943359342053 0.0688974734575 -0.324540120651
