0.920580042147 -0.0054493683917 0.390515928466
0.908190973916 0.049488970585 -0.415620014783
0.33409768798 -0.115703990516 0.93540970781
-0.781138546558 -0.0928615566893 0.617413396656
0.328458698508 -0.189627802189 -0.925287079782
-0.23601801867 0.452045105213 0.860203881481
-0.373296502597 -0.613836240042 -0.69559671618
-0.360239210816 0.825368329401 -0.434735358365
-0.776273251862 -0.630243230597 0.0139035509603
0.380288892605 0.588822177442 -0.713210208503
0.541636256789 -0.717625933445 0.437770699086
-0.0578049281969 -0.997988980564 -0.0260112465812
-0.00281863113923 0.960790628568 0.277260569457
0.611752238848 -0.700709141157 -0.367104750396
-0.944952342777 0.0883376941351 -0.31505796558
0.720361311838 0.692657147122 0.0361338753378
-0.396046526292 0.167602636175 -0.902804799145
-0.737974540867 0.626274597964 0.251343798367
-0.223520678789 -0.672630768755 0.70541218807
