-0.128405695074 -0.977997063781 0.16441934408
0.380375307422 0.769445771216 0.513096317139
-0.983775366437 0.0934683772582 -0.153132918879
0.778810308355 0.0793853585725 0.622215773221
-0.786280175618 -0.537268432474 0.305132949542
0.537886067458 -0.678254372961 0.500649162582
-0.395884675629 0.859614282385 0.32301487446
0.0867509913486 0.46677231465 -0.880112419965
-0.762927701345 0.205373006694 0.612995310456
0.953845273255 -0.292204872675 -0.0692495998177
0.836664515607 0.478751903689 -0.266062216479
-0.550873061205 0.702621779737 -0.450401493201
0.431764975529 -0.81386287465 -0.388852449102
-0.559618069413 -0.00920779143926 -0.828699482903
0.186146161113 0.951255713075 -0.245890575349
-0.178763426458 -0.525142705752 0.832026908193
-0.0419333280116 0.256032260586 0.965758291469
-0.349410039653 -0.741965797684 -0.572188237608
0.611554617399 -0.134344968868 -0.779713010843
