-0.944197573138 0.124520843091 0.304935243151
-0.235859501482 0.176920313706 -0.955546701192
0.90517294543 -0.206657304959 0.371422531853
0.498802639563 0.441518913834 -0.745826370874
-0.53078562416 0.815422451198 0.230982352717
0.323064323047 -0.168486077038 0.931258226819
-0.033029778423 -0.85384888442 0.519471959119
0.876415599336 -0.203097635726 -0.436631478027
-0.119320207872 0.878745709378 -0.462134900482
-0.177534290163 -0.928528946818 -0.326060685666
-0.475377846193 -0.258309485285 0.841006607085
-0.151780495053 0.482322501964 0.862744275797
-0.716249264616 -0.369939455398 -0.591719350939
0.235388766775 -0.471522821091 -0.849857845564
0.565123615222 -0.824664470615 -0.0237446925409
-0.739110007985 -0.648091705466 0.183557994656
0.868445363635 0.494951973796 -0.0287261904094
0.267449913773 0.909250025561 0.318959142586
-0.794724381598 0.429644293685 -0.428741108592
