0.615229204449 0.613789729997 0.494727392959
0.878189772271 0.41489676087 -0.237998743059
-0.508781849919 0.827413022284 -0.237757691249
-0.797223582853 0.445350008883 0.407551136092
-0.117388872453 0.55985110462 0.820235693737
-0.305765206774 0.379528358938 -0.873192912871
-0.439540339551 -0.173693471078 0.881268896542
0.281567523602 0.946783910488 -0.155948570029
0.483569979283 -0.787563993679 0.381972552675
-0.908870130529 -0.334432202568 0.249219155999
-0.907314718249 0.147393951292 -0.393770269538
0.35684246554 -0.0792697818187 0.930795228005
0.924425619346 -0.116080070245 0.363266694851
-0.1200974441 -0.401440159234 -0.907977093585
0.840066996033 -0.373904513732 -0.393043072432
0.464004109683 0.149203673768 -0.873177215651
-0.558541832616 -0.758011625998 -0.336822499353
0.231754157269 -0.898447639895 -0.37293678949
-0.316475838127 -0.847893459266 0.425346594693
