0.895387801452 0.147499539919 -0.420148272321
0.896614156273 0.22235093183 0.382940096994
0.12849764358 0.673783841481 -0.727670042364
-0.156498025389 -0.654401001098 0.739775437421
-0.195075266112 0.980118819885 0.0362317465687
0.123845200936 -0.990448306527 0.0606178051673
-0.0931057131965 -0.719991783616 -0.687708628487
0.324124714112 -0.0785640057687 -0.942746448786
0.378032766004 -0.0785762553888 0.922451624703
-0.64061240362 0.579528209281 -0.50374874985
-0.807794534488 0.517176085882 0.282837208025
-0.635658244791 -0.766384999791 -0.0926964288659
-0.8238320148 -0.258128715094 0.504648766802
0.584773199239 0.807613171407 -0.0761660739517
-0.351665528502 0.264207815891 0.898067695714
0.660648507503 -0.624150230249 -0.417109145926
0.298273038864 0.682416936863 0.667338234008
0.728802515668 -0.566567242288 0.384510667111
-0.714906687912 -0.206640266534 -0.667988194376
