-0.870384666953 -0.259286106876 0.418570479507
-0.770930098493 0.600778814178 0.211498462577
0.22095984064 -0.201428900611 0.954255283885
-0.354137203375 -0.873231713095 0.334743508424
-0.392177254577 -0.0918484390773 -0.91529277569
0.868884522472 -0.100876364637 0.484627326579
0.690031967967 0.661842313547 0.292951591876
-0.59155319787 -0.691653578103 -0.414343024542
0.440341384182 -0.782654782656 0.439944265292
0.839284216977 -0.498840660084 -0.216240604374
-0.94317621362 0.0293745035542 -0.330992097492
0.168378957757 -0.937902814014 -0.303293320154
0.870785342838 0.286813928332 -0.399337773337
-0.43684347845 0.256075239565 0.862318529905
-0.063735400395 0.868003335443 0.492451021316
0.232539448335 0.416931346177 -0.878688601009
-0.487454023016 0.641172682948 -0.592693990257
0.186766148515 0.944472329675 -0.27035240751
0.358838052224 -0.379216244051 -0.852895241236
