0.709010911983 -0.660602798579 0.246794386483
-0.00695752972798 -0.209375643746 -0.977810530004
-0.854039275749 -0.520177112884 0.00571722928124
-0.876577171484 0.149918923549 0.457314748061
0.303708699456 -0.36430257055 0.880366209577
-0.248633403413 0.541919735433 -0.802810333177
-0.751756830467 0.635241387951 -0.177002957264
-0.476089702291 -0.504722375696 0.720134653273
-0.303323727511 -0.801945306246 -0.514663426055
-0.0364661809625 -0.972733632194 0.229040386056
0.721137446317 0.690404006413 -0.0574725277731
0.81506276481 0.169933475709 0.553891057207
0.498506209723 -0.677157304746 -0.541248134866
-0.74183052122 -0.0836504908075 -0.66534958719
0.972548641693 -0.059400726525 -0.224990429196
0.227749441988 0.785216379959 0.575817183069
-0.02346117581 0.985867435621 -0.165876377497
0.536148930563 0.351258573004 -0.767568719495
-0.235971413379 0.234268165585 0.943099103308
