-0.180516424958 -0.496769415825 0.848901624348
-0.895935758168 -0.189253731807 -0.401848407031
-0.761542139683 -0.577837287817 0.293526213984
0.291691021081 -0.354032626461 -0.888581593114
-0.362341391195 0.118788829776 -0.924444660403
0.206733827546 0.773979143955 0.598512664253
-0.077260694726 -0.984686758754 0.156277868507
-0.0448827670953 0.989372220344 -0.138304543778
0.549209766463 -0.642445923711 0.534445383111
0.954597014844 0.0149239510202 0.297526158407
0.283791683688 0.585446804428 -0.75941709189
-0.372089636991 0.287301938751 0.882613674285
-0.337809339851 -0.748280580336 -0.570929963306
-0.710333772366 0.596471387336 -0.373694816564
0.404609361059 0.0565453247016 0.912739771894
0.683065830457 -0.681702277072 -0.262112717542
0.705200644559 0.708202065002 -0.0337918043337
0.861449266982 0.0694766083388 -0.503068744119
-0.92921163097 0.212360287179 0.302438180955
