-0.420288411993 -0.617845585499 0.664548330239
-0.665224621974 0.145033215145 0.73242171515
0.701169186639 0.581709062986 0.412281866869
-0.734063774722 -0.0893638631272 -0.673174921256
-0.0988593997363 -0.603823512736 -0.790963959072
0.205140834722 0.975170195773 -0.0834285754782
0.339527185165 -0.807602201902 0.482182511106
-0.86367248341 -0.504041567334 0.00345540144215
0.988976902714 -0.113495894528 0.0950966236227
-0.455149379856 0.81948048428 0.348268255661
-0.955564002308 0.294774476962 -0.00233350048096
0.580324697403 -0.162774740841 -0.797952147267
0.778029984141 0.497442404939 -0.383693103334
-0.47418652295 0.754933109421 -0.45301560873
0.535158434271 -0.790603375078 -0.297576466716
-0.0757639162718 0.273369058758 -0.958920844859
0.0507617799964 0.48230631701 0.874530650271
-0.215652487732 -0.973560312481 -0.0753280989926
0.586991883173 -0.112457519909 0.80174424557
