0.461134973743 0.0906099391341 -0.882691551404
-0.616715069441 -0.254477455149 0.744918618337
0.301358675426 0.796759070105 -0.523791879425
0.959799530713 0.135428868709 -0.245853375743
-0.648009077421 0.528675833639 0.54825732873
0.6460774255 -0.703839214381 0.295286844541
0.610828406172 -0.608654703852 -0.506387311938
-0.835432756328 -0.114269077113 -0.537582261305
0.122922956942 0.583592514596 0.802689057833
-0.164966016092 -0.426640441562 -0.889249204194
-0.753040790256 -0.655521134655 0.0567592303518
-0.117465913925 -0.847707374494 0.517294854309
-0.117616231 0.982906873629 0.141635094444
0.648558538765 0.733554858969 0.203147952679
-0.0839607899438 -0.955479456469 -0.282859671954
-0.732898794853 0.633329375219 -0.248502030147
0.162094388642 -0.23163340804 0.959203509924
0.819349487054 0.0352650528678 0.572208698039
-0.293507411785 0.379523142657 -0.877391351345
