-0.954016360655 0.0548939561109 0.294685318915
0.0354426884029 0.988575185523 -0.146502281233
0.363030111076 0.557382801103 -0.746681693553
-0.51236851498 -0.476158542826 0.71466883726
-0.260518719934 0.0898461763357 -0.961279179615
-0.631453584113 0.629865868242 -0.452255855833
0.833730102425 0.100670927357 0.542917563444
0.0628933603092 -0.92711501214 0.3694620136
0.967646867683 -0.115109077793 -0.224520466046
-0.18007583496 -0.693174828144 -0.697912137229
0.537768847803 -0.798058298993 -0.271859555176
0.264738632116 -0.350187832548 0.89848869698
0.76133780478 0.646506795063 -0.0489255653965
-0.262176184082 0.26210386952 0.928743888315
-0.863131476818 -0.154140369718 -0.480879194965
0.470344614154 -0.237135579232 -0.850025094335
0.278168787901 0.758428398195 0.58941368346
-0.552292726864 0.753660080218 0.356327415924
-0.626378978671 -0.779082612131 -0.0260702618898
