0.762234905392 0.616967456166 0.195829280329
-0.858079641105 0.0322288477292 -0.512504274025
0.44723681516 0.0390621824514 -0.89356218422
-0.297139812871 -0.797809569658 0.524602537326
0.0229696329719 -0.93581606058 -0.351739529655
-0.369876091023 -0.0989162609877 0.923800438732
0.728543872233 -0.546555664619 -0.412917342461
0.422474231644 -0.249066727136 0.871482236784
0.0434115874158 0.985106969076 0.166372153785
0.406852318302 0.753035773896 -0.517115378155
-0.950992513923 -0.0364494247042 0.307058101834
0.480185552483 -0.822461897043 0.304923372506
0.231469110927 0.535033997906 0.812502721085
-0.243823012738 -0.387313506594 -0.889122368445
-0.717625385324 -0.678911660883 -0.155218436582
-0.543081553482 0.610134115192 0.576887153391
0.949892751157 -0.166056401473 0.264818867964
-0.628402546666 0.747616206749 -0.214895897472
-0.253787440814 0.439856409131 -0.861462868748
