0.865956162311 0.318587234141 -0.385515368304
-0.899522464421 -0.205143283192 -0.385714362403
0.191384028777 0.525521640969 0.828974763429
-0.856059342336 0.516150368612 -0.0274080167227
-0.26681208545 -0.346588527633 -0.8992706509
-0.219864601665 -0.846386155864 0.485067038765
-0.594490822117 0.359442602376 0.719292484332
0.0660217628201 0.881053916086 -0.468385657108
0.273221229407 0.251785646224 -0.928414857786
0.865566142719 0.13839852573 0.481291076849
-0.846157863095 -0.343235155325 0.407684312761
-0.519945381128 0.404946802039 -0.752113613866
-0.429365899131 -0.854016267124 -0.293770556985
-0.0898668873781 -0.216741603931 0.972083854242
0.555046213133 0.814359421084 0.169535938899
0.532016998055 -0.584039036335 0.613071217574
-0.235596509672 0.931250817883 0.277967981649
0.329232497289 -0.765364602095 -0.553012647765
0.89799829162 -0.430869926966 -0.0891637498313
