-0.688605528735 -0.297756376547 -0.661183458672
0.0720620828028 -0.432762209759 -0.898623350479
-0.667047970452 0.25252367426 0.700912832708
-0.992256640969 0.118162999362 -0.0382657031266
0.101608716626 0.268288010811 0.957965141308
-0.265098476575 -0.904070235608 -0.335230975308
0.760968942335 0.401206659273 0.509862221935
0.294383576314 0.344246384081 -0.891533923664
0.797505817788 0.530624980033 -0.287091625026
0.120486744265 0.889338205406 0.441090127823
0.145392032351 -0.921251241259 0.360773207719
-0.274911462905 -0.439444135066 0.855168135351
-0.759910156716 -0.607635232533 0.23090252901
-0.584276098856 0.809787409795 0.053533085501
0.0967742321745 0.925581885547 -0.365968470136
0.573734363664 -0.350514455179 0.740248942358
-0.497942797271 0.486891109811 -0.717628049781
0.535028024353 -0.776690072649 -0.332411708887
0.980265910874 -0.197261606165 0.0129074672786
