0.839955501621 -0.187971918672 -0.5090592432
0.0403209892094 -0.736506250873 0.675227932075
0.305839875854 -0.790167985288 -0.531127598006
0.174947574273 0.980389364204 -0.0907195723714
-0.708644479418 -0.499591273445 0.498228422803
-0.868728973203 0.284127766841 0.405686311364
0.185338253874 -0.128683234421 -0.974212685624
0.966362200838 0.0318749218453 0.255202049658
-0.258999705733 0.786925505919 0.560060175842
0.470236936579 -0.0866222607954 0.878278889312
-0.453820211096 0.337693560242 -0.82462735546
0.52109834573 0.534773574222 -0.665186995056
0.53348900676 0.644769554912 0.54741364682
-0.321099943158 0.0461064930779 0.945922310658
0.67525662818 -0.715169866013 0.180445417913
-0.296609983097 -0.954726130668 -0.0228151999116
-0.945486901808 -0.0537471240268 -0.321194279477
-0.601297347663 0.780996657102 -0.168777134969
-0.44380171939 -0.553116427524 -0.705054786148
