-0.116060134146 0.773752492997 0.62276570622
0.0435977796789 -0.683441243424 0.72870247728
-0.634346787463 -0.275424190162 -0.722319644416
-0.703209172328 -0.548853920365 0.451947158475
0.0524103131785 0.0410501411862 -0.997781561756
0.572887684193 0.529315532788 -0.625799303332
-0.183448702156 -0.982881494589 0.0170452712602
0.750140374096 -0.33129312312 0.572306111907
-0.998264422905 -0.0014279995066 -0.0588736170011
-0.681433824221 0.73005123696 0.0517023657131
0.596222220072 -0.800320153457 -0.0632986276573
0.985643816258 0.1665155845 -0.0279074827176
-0.701119979555 0.22381304225 0.677007013544
0.159333468746 0.981702568504 -0.104273259897
0.712000789331 -0.262946181256 -0.651086923348
0.0438391076768 -0.70834121825 -0.704507523853
0.625788933848 0.461828171969 0.628572151665
0.0237649319734 0.0750772229728 0.996894497226
-0.32447138835 0.670570478261 -0.667123340791
