0.786954537676 0.615275712979 0.0462423253051
-0.12965772978 -0.991427973988 -0.016107312087
0.533766144347 0.464879031416 -0.706386005877
-0.841650794952 0.0964224631176 0.531344189733
-0.114332612013 0.0745705863718 -0.990639834389
-0.486836022927 -0.625474206085 0.60973166582
0.949040098341 -0.096816881267 -0.299915626872
0.37811740663 0.555191524753 0.740803346136
-0.685255394722 0.726579056775 0.0500791200053
-0.204582419223 0.775085153289 -0.597820239616
0.861673092102 -0.0481038156266 0.505178686476
0.0750868492662 0.988702546409 0.129727559873
0.418339386644 -0.499152918871 -0.75884024746
-0.802691732331 0.186381169351 -0.566522764378
-0.39643719 -0.616335947416 -0.680417191368
0.643940117835 -0.764082784208 0.0389695203903
0.307738290581 -0.583661788962 0.751422691044
-0.176542705997 0.0200862515327 0.984088012049
-0.892674213372 -0.445887178807 -0.065706716223
