0.159941260167 0.0835436781697 -0.983584895743
-0.351340989651 0.496954921881 0.793470424534
-0.121066241026 -0.906791905653 -0.403821006296
-0.556760320055 0.827320795866 0.074553650085
0.409572999993 0.234810298829 0.881540742814
0.943526742584 -0.328834267677 0.0403151389699
-0.857857328419 -0.0656811545019 0.509673218859
0.204603248625 0.905443654662 0.371899581721
-0.20690712177 -0.285710318299 0.935713127501
-0.801353445663 -0.589094078919 -0.103926999887
-0.550329384981 -0.253768500851 -0.795449002766
-0.405125439868 0.587672889432 -0.700367013071
0.815371980775 0.227123315121 -0.532525616938
-0.948676094541 0.19209685444 -0.251221946016
0.859593533481 0.449164148849 0.243619630955
0.555422302039 -0.531838061117 -0.639260778669
0.476282136407 -0.601963605414 0.640933026374
-0.239610736175 -0.886580496847 0.395678806255
0.309684788287 0.849186977723 -0.427757885688
