0.632790431239 0.57542986598 0.518128111061
0.193126501648 0.980841231206 -0.025546693073
-0.546484995687 0.786650154414 -0.287290243568
-0.682598961347 -0.653089071103 0.327922739641
-0.0759041386506 -0.486214080894 -0.870536862675
-0.766460323294 -0.456724606997 -0.451598501081
0.606263265775 -0.0597361500848 -0.793017304316
-0.984804584718 0.17360097805 0.00475713551178
0.497230429518 -0.842051137921 0.209073625997
-0.0276835592542 -0.593449424861 0.80439505262
0.811050343509 0.51984912271 -0.268242856219
0.708599975644 -0.214341594555 0.67226762183
0.17538351031 0.63234436011 -0.754573544824
-0.501944933639 0.199999238612 -0.841458013301
-0.672638685764 0.0428890995461 0.738727096805
-0.176000814397 -0.958888389207 -0.222613499986
-0.374289861971 0.771634576323 0.514283170878
0.083976340337 0.198637987452 0.976468598678
0.962403265161 -0.25477359975 -0.0941826315077
