0.490415828321 0.314036754498 -0.812941100054
-0.150972173671 -0.922112057581 -0.356253780389
-0.928018300223 0.105535129253 0.357273523991
-0.773543214589 -0.630354404139 0.0654539559307
-0.897980435928 -0.014092551038 -0.439809659621
0.135583316523 -0.404487424095 -0.90443744285
0.270839990895 -0.130668244917 0.953714584717
-0.0765520616162 0.888776362816 -0.451903041328
-0.459327112892 -0.425771685842 0.779574932189
0.0840713630676 -0.905360005074 0.416239434851
-0.308705529052 0.268638197841 -0.91243323865
0.65582081543 0.740183738394 -0.148415266955
-0.564396225296 0.804539481558 0.184859740036
0.982362219531 0.00367828904616 -0.186951704535
0.625224187395 -0.703649842755 -0.337596822093
0.769139721154 -0.478645061755 0.423465458097
0.786152718011 0.320917116062 0.528181889677
0.179540286087 0.851327534973 0.492957111592
-0.354356950695 0.370004830669 0.858794257535
