0.737298815147 0.650816864734 0.181184617894
0.955422024359 -0.256002692204 0.147076092392
0.0136385681199 -0.954619968716 -0.29751420939
-0.471127686217 0.670347237581 -0.573300343928
-0.275265927507 -0.450323415812 -0.849374764356
-0.177060276663 -0.255310099931 0.950508501435
0.311110454173 0.819040605448 -0.482060962879
0.196214493675 0.187847716654 -0.96239966117
-0.960167948386 0.123467663864 -0.250665607676
-0.308804445007 -0.849088971213 0.428588069956
-0.742422238626 0.537188157903 0.400297517608
0.62393710448 0.120507057878 0.772127281382
-0.109273787931 0.977264475695 0.181695855254
-0.732344576313 -0.644323609124 -0.220269172311
0.844771155786 0.221119573963 -0.487306708719
0.532016428684 -0.487805210221 -0.692101579605
0.441609354866 -0.6456126337 0.623029296985
-0.060706169491 0.530658491147 0.84540897012
-0.844611705127 -0.254577090282 0.470979376051
