-0.202872418313 -0.0656540087052 0.977001705745
0.948760938633 -0.222086766356 0.224789122367
-0.961164641415 0.229961963966 -0.152577938193
0.127310624424 0.8545422103 0.503537104616
-0.35182544608 -0.865651643521 0.356182660386
0.554732010997 0.140292475021 0.820116099969
-0.481908097898 0.869668297698 -0.106965588675
0.316944608682 -0.617591080492 0.719810650327
-0.116239568406 -0.856502495296 -0.502883523581
-0.829472428864 -0.233062532219 0.507599592032
0.763955599558 0.305711485843 -0.568253754346
-0.449998221436 -0.221638416195 -0.865088442398
0.542355601238 -0.450632062027 -0.709070621644
0.520555623046 -0.853645817047 -0.0176256163877
0.0296842605661 0.41833028291 -0.907809792344
0.803696576902 0.564437978309 0.188365551306
-0.595429806466 0.526077094697 0.607211854304
0.288268143247 0.901305042248 -0.323343004266
-0.80291375176 -0.55136838915 -0.226544491616
