-0.847908547605 -0.341471068002 -0.405522631447
-0.189152311331 -0.750999086593 -0.632630836313
0.926227195901 0.23948886416 -0.291115553547
-0.306677352133 -0.152255450686 0.939556959117
0.142861855967 -0.754012031658 0.641136760937
-0.486108785743 -0.862106757035 0.143074064378
0.40508071479 -0.907911344554 -0.107733954421
0.537151888649 -0.401820577697 -0.741625290737
-0.901440429438 0.414539292917 -0.124749055316
0.00699055653901 0.581852024593 0.813264627041
0.361135789013 0.379708233062 -0.851705700133
0.493228058477 -0.0614661039812 0.867725763356
0.709258438339 0.571067359403 0.413321350367
-0.346549570733 0.922292906404 0.171111629709
0.89782857843 -0.369512531774 0.239508523056
-0.896837755584 -0.208414419843 0.390186455122
0.359782786446 0.902807136664 -0.235575084772
-0.336280117723 -0.0187709424861 -0.941574922214
-0.331933010813 0.718732275626 -0.610937306363
