-0.963213858684 0.267297035955 -0.0277733146694
-0.727038351549 -0.677877050196 -0.109077679631
0.281960483998 0.767131572036 0.576200864847
0.627321706925 -0.457625995839 -0.630115802019
-0.711996031624 -0.118372366552 -0.692134115463
-0.302928878496 0.633558360437 -0.711925486616
0.652338961405 0.0491832284476 0.756329881382
0.311737157878 0.92468914759 -0.218563319721
-0.460723123909 0.488168213799 0.741232755706
0.886865701933 0.451939860445 0.0960186923213
-0.453140753003 0.890526611863 0.0403213533042
-0.0876107613567 -0.188500412814 0.978157425399
-0.783532776054 -0.24490728605 0.57104886839
0.654037318456 0.349117169324 -0.67108299647
0.927890771497 -0.35527606838 0.113126616705
0.0331020232613 -0.0517811435929 -0.998109697991
-0.227867123633 -0.830714243936 0.507927572484
0.373499627371 -0.927336572964 -0.0233432816175
-0.122515748579 -0.759097717298 -0.639343840936
