-0.552388102776 0.406014562801 0.728024421778
0.139017767876 0.0591744725704 -0.988520329589
-0.588875687632 -0.807142916346 -0.0417820189563
0.808477064936 0.193137533442 -0.555934104592
0.778249012566 0.195188421416 0.596850026879
0.640655120516 0.767721260816 -0.0128484336616
0.18096680896 0.736990875982 0.651226122613
0.200776252892 -0.979147498161 -0.0309689056983
0.0996720952919 0.0100217422568 0.994969867937
-0.36404833396 -0.603959792016 0.709014372328
-0.396826040603 0.591887208465 -0.701568689406
0.471647586162 -0.611107601493 0.635685499179
-0.824299876882 0.565923999122 -0.0161164571186
-0.845874237564 -0.0582072494044 -0.530196841128
0.525461769744 -0.55969963623 -0.640801252919
0.934809379704 -0.354258763129 0.0251426403401
-0.135738687767 0.989573051044 -0.0481683017306
-0.27389672065 -0.595337534554 -0.755350121711
-0.937152458711 -0.166415350896 0.306677681156
