-0.546994969858 -0.792854266818 -0.26866077968
-0.153787494061 0.988033806111 0.0117730476982
-0.508666868785 0.609342674918 -0.608242978688
0.143102175577 -0.716273864462 -0.682988666402
0.912057488675 0.33623049361 -0.234734301965
-0.326746840822 0.621931240887 0.711644597831
0.30812448921 -0.573157270537 0.759308924206
0.546396015843 0.762178722867 0.347181491845
-0.368625466417 -0.159299899691 0.915826843605
0.301782677469 0.725099094341 -0.61899799593
0.345481267281 0.219916792371 0.912293427791
-0.2700489116 -0.0786664132016 -0.959627626102
0.894533802995 -0.124926622255 0.42918832038
0.810852366488 -0.51797361513 -0.272436733553
0.529015361449 -0.0252380833706 -0.848236869335
0.157088241067 -0.984363092174 0.0797031196674
-0.892425388207 -0.0830108446669 -0.443493095946
-0.85730682203 0.502166860505 0.11337308813
-0.880594207388 -0.349782249417 0.319697075224
