0.465032113477 0.86976069325 0.165110477899
0.805961916931 -0.410594671836 -0.426423972024
0.799017385842 -0.446321940177 0.402949057375
-0.448838849583 -0.705905374656 0.547942779072
0.282504179529 -0.0770116062937 -0.956169755349
-0.212734773735 0.54522840983 -0.810845174591
-0.164575632243 0.737730205159 0.654728192205
0.562510010509 0.584314096838 -0.584944035198
-0.520605089296 0.0394889755316 0.852883908753
-0.849694644172 0.409809340983 -0.33177600231
0.219692803915 -0.960411132872 0.171305364081
0.967517674779 0.250990551679 0.0302207206777
-0.509822533058 -0.207517739525 -0.83487566294
-0.960974139913 -0.178859003296 0.211040658067
0.180819879683 -0.357435657398 0.916266294225
-0.613899900625 -0.751323806055 -0.242155839219
0.590233965029 0.317564199456 0.742143413196
0.105346018297 -0.785617356228 -0.609678264351
-0.288928731117 0.950387308779 -0.115256894136
