-0.630033508119 0.776547458939 0.00564115800653
0.0578251867494 -0.0383418200436 0.997590172673
0.062784096956 0.0352383706215 -0.997404839774
0.144639958615 0.983755056943 0.106326244697
0.799335286396 -0.600409902171 0.0238966377654
-0.865664441752 0.16139822134 0.473894174299
0.280199254277 -0.723426987081 0.630984763893
0.531634417369 0.525292246207 0.664404170925
-0.174464204225 0.730426754368 -0.660332490453
-0.881416401509 -0.471478854669 -0.028509941266
-0.265836547865 0.646300922619 0.715280397635
-0.50272377157 -0.529759504702 0.683098584888
0.764515247091 -0.128900380526 -0.631586200661
-0.84091966472 0.185507300069 -0.508371084059
0.979123959853 0.185276414959 0.0835997685495
0.6052862989 0.645824682661 -0.465337485734
-0.469003465999 -0.507796067903 -0.722619472685
0.27934455201 -0.772381910002 -0.570432122485
-0.2272359504 -0.972983240138 0.0408342657191
