0.450772159412 -0.580922459529 0.677741511429
0.818698947468 0.450739214492 0.355761428396
0.255761206282 0.961975751945 0.0958585313397
-0.616813875111 0.430745109394 0.658786228001
0.160219626572 0.581802077447 0.797393261785
-0.777712507965 -0.345216609778 0.525346311768
-0.530691281553 0.847251392308 -0.0230616980004
-0.667031328062 -0.0623697032177 -0.742414458038
-0.0163983472039 0.771585258727 -0.6359145247
-0.14791985126 -0.137745969029 0.979359875439
0.745385143415 0.451856875018 -0.49012891414
0.0862010820361 0.059748162713 -0.994484555188
-0.219187044715 -0.902174736327 0.37153436525
0.673708893898 -0.362095153508 -0.644207595491
-0.982127043425 0.182768818523 -0.0449669828734
0.946552516374 -0.303429980108 0.109401009673
-0.718746482978 -0.662614278705 -0.21058445067
0.439074634129 -0.89399434648 -0.0893732293603
-0.0739272139361 -0.719552591428 -0.690491734352
