0.060912917484 0.526075701292 -0.848253483927
0.928521243143 -0.314859788612 -0.196752673547
-0.0799356452042 -0.96182902871 0.261715899703
-0.402156841061 0.347436980431 0.847087610473
0.406951509548 0.0329149253625 0.912856547638
0.770110961047 0.428252098406 -0.472788798394
-0.452611979391 -0.778580452107 -0.434689401422
-0.78206210806 -0.561278733842 0.270822897986
-0.429196624509 -0.115041955848 -0.89585467901
-0.461558121513 0.858490476151 0.223513316882
0.229507985154 0.955655947021 -0.184520447849
0.353005096802 -0.840914925398 -0.410182264212
0.617677916687 -0.619468222026 0.48449263476
-0.242843895812 -0.445276986976 0.861832493665
0.888012082039 0.320987656327 0.329243779955
-0.668935815537 0.548752322333 -0.50139382069
0.439233180979 -0.187689708478 -0.878548112546
-0.958369489145 0.222316339276 0.179174126388
0.247201483206 0.760945833831 0.599877374699
