-0.97697778859 -0.0769632862488 -0.198975006397
0.989386233579 0.0715848966845 0.126453483032
-0.0969925496669 0.900283857814 0.424360013041
0.742786698132 -0.666398094716 -0.0646645222461
0.0860277693879 -0.951664729062 0.294844817409
-0.753145515094 0.656963716491 0.034212692215
-0.144466687002 0.293193752105 0.945075023516
-0.582898420514 0.402109171987 -0.706071982992
-0.670321628511 -0.724819938356 0.159075363622
0.0910571061742 -0.860347589158 -0.501508354114
-0.816965378796 0.0671762017032 0.57276079455
-0.0720441429245 0.923762207248 -0.376129001715
-0.500464064513 -0.392307068178 -0.771771264293
0.193331524883 0.382209296759 -0.903625461658
0.598371319869 -0.303436630054 0.741537574975
0.566712608653 0.510426322792 0.646762543902
-0.293296358574 -0.484722407804 0.824027568362
0.773353157062 -0.0961343579312 -0.62664430077
0.681019422808 0.654180049201 -0.329030407386
