-0.00094052436172 -0.592075248419 -0.805882135069
-0.390705169436 0.919722489196 -0.0382101222597
0.405467121363 0.908540977028 0.100745752049
-0.442129670832 0.513743842308 -0.735247318024
-0.110666288515 0.713827576286 0.691522352437
0.456565873251 -0.889195402731 -0.0296502806724
-0.936216328473 0.329298147461 -0.122726184571
0.525291640266 -0.510235325274 0.680976215084
0.737085024522 -0.359703475244 -0.5721180617
-0.890206790757 -0.425540253211 0.162626451067
-0.341210732318 -0.927312181731 -0.1538419766
-0.289782964544 -0.718891967096 0.631838723967
-0.733722828439 0.200672454393 0.649138950515
0.61036742229 0.349063721396 0.711059862608
0.251490521708 0.161295335679 -0.954325066306
0.982757379238 -0.102682208859 0.153767023569
-0.725306907204 -0.274013444029 -0.631542969919
-0.0426113352959 -0.0307423854998 0.998618635836
0.796461760877 0.4325299767 -0.42257127531
