0.894216542014 -0.303218297667 0.329295368854
0.383204867585 -0.859772992632 -0.337556559113
0.297975455001 -0.829996023152 0.471505280743
0.360424996124 -0.159860667448 0.918987698053
0.857000963046 -0.206277262816 -0.472227741861
-0.260535204341 0.381979650541 -0.886686502588
-0.888612041034 0.153571263368 -0.432185732755
-0.351142588968 -0.936320141411 0.00186413541521
-0.848089502327 0.412703965856 0.332294496809
0.20116913479 -0.27932673379 -0.938886337635
-0.278251280306 0.335073948285 0.90016758117
0.518224055597 0.491240186902 -0.700090641969
-0.488810119493 0.833791731188 -0.256624270255
-0.37366609613 -0.486643058114 0.789653204003
0.897974538387 0.439896864351 0.0115098715345
-0.90886903223 -0.377988020824 0.176301271596
0.280774316366 0.95877877858 -0.0436925281267
0.446642931423 0.601717862048 0.662152328624
-0.521342199212 -0.525010247912 -0.672730667436
