0.675523286747 0.65207447379 0.344190600822
0.43715176299 0.605583329576 -0.66495651516
-0.890430815841 0.0762064871012 -0.4486931396
0.223615926881 0.0208874810512 0.974453503447
0.00182883669348 -0.772488993642 -0.635025519218
0.368579313392 -0.790527810969 0.489096176456
-0.282019030066 -0.0867177856765 -0.955481706956
-0.895176759848 -0.393557803517 0.209214779398
0.0649715099012 0.995913039196 -0.0627369210365
-0.316207299335 -0.944599305929 0.0880062218615
-0.369457313182 0.658810833123 -0.655339286093
-0.338190275458 -0.526852506747 0.779778028493
0.957231133921 0.147217593822 -0.24906934039
-0.676290184829 0.20393995856 0.707841846182
-0.0568771877246 0.723068638916 0.688430627538
0.855117339487 -0.144966279858 0.497754069208
0.512569137138 -0.180151061842 -0.839534677408
0.738118389921 -0.639847435125 -0.213954439602
-0.691039812418 0.717918128064 0.0840091605134
