-0.69911160183 0.40504242387 0.589222880625
0.756946526542 0.321843305106 0.568725630611
0.00785600304999 0.02773490035 -0.999584442915
-0.895433458209 -0.322435525882 0.306975982072
-0.334888860061 0.936177765291 0.106867409351
0.525530041044 0.539974920417 -0.65745361911
0.981359535061 0.0916821089523 -0.168901905981
-0.418672473465 -0.907692997894 0.0284039000384
0.0799082192787 -0.761800106265 0.64286489606
0.047965808389 0.653296096818 0.755581558211
0.78827963739 -0.464924793507 0.403063456119
0.466979986626 0.8815952468 0.0686987111268
-0.28292082172 0.696463296454 -0.659465454235
0.609239700762 -0.403007319098 -0.68294369297
-0.190511236702 -0.0822197938667 0.978235847936
-0.882285840717 0.428915080181 -0.193916346046
-0.811053869072 -0.314588448571 -0.493179206263
-0.136956523313 -0.703704325062 -0.697167937882
0.373152885935 -0.920742288779 -0.113976143873
