0.979252915121 0.126140259981 -0.158594965364
-0.756355614069 -0.0469501128878 -0.652473656147
-0.28711658428 0.882914538688 0.371518484607
-0.678247900529 0.671393556104 -0.298681231834
0.701240254961 -0.587680899694 -0.403600377795
-0.578303153782 -0.537773240394 0.613486270622
-0.590081127926 0.251601000428 0.767138318069
0.128699843827 0.940487599289 -0.31451458755
0.546295270873 0.0736091326447 -0.834351947689
-0.101488217409 -0.466421462438 -0.87872132164
0.0385925356532 -0.983385330058 -0.177380688969
-0.164164786075 0.447941480419 -0.878861964778
0.789992301607 0.001624812424 0.613114608688
0.566319678367 -0.733552044326 0.375743822516
-0.993430090111 0.0122292987872 0.113785325564
0.134673963525 -0.341975593621 0.930008396153
-0.708528784347 -0.685820059939 -0.166246224428
0.641045306998 0.720290703167 0.265032483496
0.180205110145 0.458771503278 0.870088975943
