-0.0787256101346 0.363700514028 -8.78436976227 -0.0787256101346 0.363700514028 -8.78436976227
0.457278769461 -0.838697657009 -3.13734767371 0.457278769461 -0.838697657009 -3.13734767371
-0.444100223277 -0.873098803122 -8.18740595873 -0.444100223277 -0.873098803122 -8.18740595873
-1.06586551767 1.89505726567 8.33855278121 -1.06586551767 1.89505726567 8.33855278121
0.857001557369 -0.290433723562 0.253008943478 0.857001557369 -0.290433723562 0.253008943478
-1.96492576107 -0.100090204027 -3.12250012062 -1.96492576107 -0.100090204027 -3.12250012062
2.10022296412 -0.209523055381 -1.8679413503 2.02701410439 -0.00314248579563 -1.89907328431
-0.958158470583 -1.14421048619 4.62734914229 -0.958158470583 -1.14421048619 4.62734914229
-0.659092438004 -0.377337530331 0.346929098708 -0.588593265809 -0.390339716693 0.323918037888
-0.271682490167 0.145527074601 -18.4007108056 -0.271682490167 0.145527074601 -18.4007108056
0.82182000622 -0.250490859149 -0.655073291738 0.82182000622 -0.250490859149 -0.655073291738
0.136115696621 -0.308340522912 -1.12337314481 0.136115696621 -0.308340522912 -1.12337314481
-0.251965307083 0.875506932241 -0.761291548882 -0.251965307083 0.875506932241 -0.761291548882
-2.28162108555 -2.06694334479 0.398566652097 -2.28162108555 -2.06694334479 0.398566652097
-1.70071045532 0.575865868646 1.12184895811 -1.70071045532 0.575865868646 1.12184895811
0.613570810808 0.334564190623 0.268616226854 0.47170995702 0.176673155432 0.265600221385
-0.580380536525 1.56419739062 2.85294337043 -0.28863801333 1.53035783109 2.95727664939
-0.0996100492509 1.13395682342 -2.27148343909 -0.0996100492509 1.13395682342 -2.27148343909
-0.467762674005 1.0244643804 -0.0698149830269 -0.467762674005 1.0244643804 -0.0698149830269
-0.00485597189487 -2.76661124837 10.4642006573 -0.00485597189487 -2.76661124837 10.4642006573
0.66406455107 0.928906652648 9.78361992828 0.66406455107 0.928906652648 9.78361992828
1.89598157474 -0.51774736668 -0.320683690307 1.89598157474 -0.51774736668 -0.320683690307
-2.00282488497 1.52585988268 -3.59736301493 -2.00282488497 1.52585988268 -3.59736301493
-1.09236233573 -0.583625803557 -6.92864324844 -1.09236233573 -0.583625803557 -6.92864324844
0.0825243904575 1.03426876779 6.40738014985 0.0825243904575 1.03426876779 6.40738014985
-1.80232533187 0.298331037621 3.09699264831 -1.80232533187 0.298331037621 3.09699264831
1.09625754575 -0.915170497203 2.53346623412 1.09625754575 -0.915170497203 2.53346623412
0.783437920647 0.0118205128645 -8.4751041333 0.783437920647 0.0118205128645 -8.4751041333
-0.594017998816 1.74663519047 1.05099974663 -0.594017998816 1.74663519047 1.05099974663
-0.880462600224 0.18557815789 1.75862755282 -0.880462600224 0.18557815789 1.75862755282
-1.30058682692 -0.606477856383 11.0269469438 -1.30058682692 -0.606477856383 11.0269469438
-1.42601549484 0.91424249642 -7.35724174163 -1.42601549484 0.91424249642 -7.35724174163
1.52248360231 -2.7654273642 0.747078067144 1.52248360231 -2.7654273642 0.747078067144
-0.0734151008952 -0.70077740469 -7.41128740661 -0.0734151008952 -0.70077740469 -7.41128740661
-2.07877245251 -0.712872291867 -1.29219257728 -2.07877245251 -0.712872291867 -1.29219257728
-0.234144075165 0.481246192693 -6.60753993999 -0.234144075165 0.481246192693 -6.60753993999
1.74908497068 -2.12672001659 -0.71741448643 1.74908497068 -2.12672001659 -0.71741448643
-0.928853693664 -1.37491182425 -3.88915981508 -0.928853693664 -1.37491182425 -3.88915981508
1.22290865178 1.63873573916 1.82717578382 1.22290865178 1.63873573916 1.82717578382
1.72305602111 0.610129467906 2.53234823611 1.72305602111 0.610129467906 2.53234823611
1.30917942519 0.748381744839 -8.21889023977 1.30917942519 0.748381744839 -8.21889023977
0.601394970177 0.694157840856 -1.26657752546 0.601394970177 0.694157840856 -1.26657752546
2.4258001296 -1.04859259068 2.33933438983 2.4258001296 -1.04859259068 2.33933438983
1.47405161039 0.0718989761239 -3.52810140965 1.47405161039 0.0718989761239 -3.52810140965
-0.69709368031 1.47136838268 1.9632840182 -0.69709368031 1.47136838268 1.9632840182
-2.75039299683 0.872316641315 -5.81077995754 -2.75039299683 0.872316641315 -5.81077995754
0.814370923571 1.73066496363 -3.74285827741 0.814370923571 1.73066496363 -3.74285827741
0.0780728368727 1.26853814432 2.85016626753 0.0780728368727 1.26853814432 2.85016626753
-0.630958913596 2.09125104304 -4.32472558661 -0.630958913596 2.09125104304 -4.32472558661
-0.584965042097 1.93017638379 0.428462147804 -0.584965042097 1.93017638379 0.428462147804
0.730538028641 1.25846597659 1.29533046476 0.730538028641 1.25846597659 1.29533046476
-0.26927733631 0.23375601346 -5.46993560201 -0.468198715117 0.138253524316 -5.55829601654
-0.301546102625 -0.290502244314 -1.65067791943 -0.301546102625 -0.290502244314 -1.65067791943
1.23199560182 0.847256525089 -0.0728314605434 1.23199560182 0.847256525089 -0.0728314605434
-0.00643999498276 -0.445814675223 1.44446705109 -0.00643999498276 -0.445814675223 1.44446705109
-0.20412804402 2.58570852389 5.09027713842 -0.20412804402 2.58570852389 5.09027713842
-1.52607679479 -2.23476069769 -6.70202529723 -1.52607679479 -2.23476069769 -6.70202529723
0.488824005784 1.04483209457 4.55033460368 0.488824005784 1.04483209457 4.55033460368
-2.53817876734 0.5533878224 3.52911769499 -2.53817876734 0.5533878224 3.52911769499
0.184403257789 0.245191688823 -1.85375071421 0.184403257789 0.245191688823 -1.85375071421
-0.69101522358 -0.224703420987 -0.80627119781 -0.69101522358 -0.224703420987 -0.80627119781
-1.53069724128 0.132466562073 0.680780014592 -1.53069724128 0.132466562073 0.680780014592
-1.27610863414 -2.64982644228 5.68661568558 -1.27610863414 -2.64982644228 5.68661568558
-1.89087522848 -1.22230562025 2.62762482945 -1.89087522848 -1.22230562025 2.62762482945
-1.95276133895 1.8532704424 3.69820767903 -2.03165063745 1.90478452711 3.87538256271
-0.099766999492 0.492552500435 3.49562030518 -0.0370736736836 0.637248344931 3.55911149145
-1.72558716318 0.250745367277 -5.22323574437 -1.72558716318 0.250745367277 -5.22323574437
2.40991180857 -1.81435522002 2.70144101322 2.40991180857 -1.81435522002 2.70144101322
-1.13159351614 0.787065677958 -2.53485860101 -0.749727606491 0.79093415254 -2.32423879088
0.187180008975 -2.28026348297 2.65204347394 0.187180008975 -2.28026348297 2.65204347394
-1.21881560963 -1.12693929486 -6.72015562113 -1.21881560963 -1.12693929486 -6.72015562113
0.0733378391971 1.14716104511 -2.07115820926 0.0733378391971 1.14716104511 -2.07115820926
0.58625486277 1.22109892769 3.81065325918 0.58625486277 1.22109892769 3.81065325918
-0.52236885455 -0.53708933059 1.19106275688 -0.52236885455 -0.53708933059 1.19106275688
0.75338143285 0.872847364173 1.21433753215 0.75338143285 0.872847364173 1.21433753215
-1.35235698464 -0.545107599304 -9.08158342436 -1.35235698464 -0.545107599304 -9.08158342436
-2.16114797794 -0.446029235145 -0.0175039668132 -2.46341554991 -0.507636158557 -0.271728597865
-1.32156775336 1.30014595585 -2.98164472211 -1.32156775336 1.30014595585 -2.98164472211
-0.0629039097899 -0.143864102285 5.01365697439 -0.0716713350102 0.0190426107703 5.07279383904
-0.0765280963393 -0.186066794159 -1.23762958252 0.13628642512 -0.0658010426323 -1.38219953714
-1.1060958799 0.570377292976 8.18989023892 -1.1060958799 0.570377292976 8.18989023892
-1.39881740734 1.33630033168 -3.71319471462 -1.39881740734 1.33630033168 -3.71319471462
0.30283019706 0.930110627849 -7.2447651587 0.30283019706 0.930110627849 -7.2447651587
0.39617265726 -0.82435853404 5.12836419781 0.39617265726 -0.82435853404 5.12836419781
-0.933861079586 2.21924453946 -4.82146996837 -0.933861079586 2.21924453946 -4.82146996837
-0.214610948396 1.0110471621 -8.65617698785 -0.214610948396 1.0110471621 -8.65617698785
0.265465673936 -1.11006558249 4.44938214008 0.265465673936 -1.11006558249 4.44938214008
-0.608393030003 -1.47009373227 7.67252016547 -0.608393030003 -1.47009373227 7.67252016547
-0.829465870547 0.155786233581 4.48821434717 -0.829465870547 0.155786233581 4.48821434717
-0.923702924055 -0.8189945547 -2.99759258864 -0.923702924055 -0.8189945547 -2.99759258864
-1.41834737281 -0.577723327117 5.34420034691 -1.41834737281 -0.577723327117 5.34420034691
1.7823247251 -0.173518689032 2.95796975785 1.7823247251 -0.173518689032 2.95796975785
2.18645629039 -2.01787756228 -3.5174153603 2.18645629039 -2.01787756228 -3.5174153603
0.0418162611445 -0.00723756620997 -6.96581119643 0.0418162611445 -0.00723756620997 -6.96581119643
0.620130121616 0.322956193158 -4.01800293176 0.620130121616 0.322956193158 -4.01800293176
1.55284214451 -1.87261057464 -5.79396263997 1.55284214451 -1.87261057464 -5.79396263997
-2.54810265773 1.7489103574 -0.482397362834 -2.54810265773 1.7489103574 -0.482397362834
1.14882475491 0.530259709486 -4.58643100295 1.14882475491 0.530259709486 -4.58643100295
1.59547148624 -1.07235086638 -4.40893808507 1.49225693579 -0.97711446402 -4.45284886087
-0.841986536078 2.61238487993 -9.37473058785 -0.841986536078 2.61238487993 -9.37473058785
0.934654367179 0.9672439676 -2.21243753311 0.934654367179 0.9672439676 -2.21243753311
-1.13399688127 -0.216396059687 -7.8374447679 -1.13399688127 -0.216396059687 -7.8374447679
-1.75238225811 -0.208922700371 -4.03166398526 -1.75238225811 -0.208922700371 -4.03166398526
-2.00097427853 -2.04028323422 -4.99791580112 -2.00097427853 -2.04028323422 -4.99791580112
-2.61534454437 1.40867779587 -4.1020066087 -2.61534454437 1.40867779587 -4.1020066087
0.882083545143 1.81277448627 4.39262926979 0.882083545143 1.81277448627 4.39262926979
-0.468198715117 0.138253524316 -5.55829601654 -0.26927733631 0.23375601346 -5.46993560201
0.883687386119 2.2814482511 -0.266294536112 0.883687386119 2.2814482511 -0.266294536112
0.0721786501352 -0.583276022329 -4.10763609757 0.0721786501352 -0.583276022329 -4.10763609757
0.686554246146 1.22708827331 -3.25200951252 0.686554246146 1.22708827331 -3.25200951252
-0.0940325158722 0.147031461816 -0.916389534001 -0.0940325158722 0.147031461816 -0.916389534001
2.29279685278 -1.24060022968 -2.79467530362 2.29279685278 -1.24060022968 -2.79467530362
0.25902177805 0.31770005818 -3.58711234918 0.25902177805 0.31770005818 -3.58711234918
0.981288773394 -1.45158976597 2.26221061953 0.981288773394 -1.45158976597 2.26221061953
-1.53253113846 -0.0480804889061 -0.794970731839 -1.53253113846 -0.0480804889061 -0.794970731839
-1.69875823165 0.733584001196 1.41102991301 -1.69875823165 0.733584001196 1.41102991301
1.04687766239 0.26363906204 9.35799986231 1.04687766239 0.26363906204 9.35799986231
-0.0102367187628 -0.193598375056 -0.154529150363 -0.0102367187628 -0.193598375056 -0.154529150363
0.421123677167 2.12831015458 2.35573051682 0.421123677167 2.12831015458 2.35573051682
-2.95104687601 -1.50838710328 4.29106116894 -2.95104687601 -1.50838710328 4.29106116894
0.303131109442 0.391796628898 -6.86184035346 0.303131109442 0.391796628898 -6.86184035346
0.160805933217 -1.723409259 3.76206580093 0.160805933217 -1.723409259 3.76206580093
-0.107278449593 -0.909252557405 9.7566002204 -0.107278449593 -0.909252557405 9.7566002204
1.44674658763 1.33221431097 2.74783143014 1.55293479051 1.3560299265 2.62965132634
-0.239330302142 1.37285319143 -1.7352104672 -0.239330302142 1.37285319143 -1.7352104672
2.9382896407 1.64447460528 5.21086214351 2.9382896407 1.64447460528 5.21086214351
0.993230270124 -0.264781895899 2.74603376996 1.01646868773 -0.287544356234 2.71974816521
3.66721263083 -1.21477214165 5.24023579175 3.66721263083 -1.21477214165 5.24023579175
0.546929971723 0.451927127892 -1.6517107574 0.546929971723 0.451927127892 -1.6517107574
0.385709246363 0.700718617149 3.00490128831 0.385709246363 0.700718617149 3.00490128831
-0.369514963705 -0.290075885968 5.31777160914 -0.369514963705 -0.290075885968 5.31777160914
1.34269759637 -0.543051786552 -4.47853791052 1.34269759637 -0.543051786552 -4.47853791052
0.587124359972 -0.312143122484 2.92832961468 0.581415669927 -0.563374473614 3.02361942426
-0.0759043500553 2.86526090289 2.89190647131 -0.0759043500553 2.86526090289 2.89190647131
1.10637502768 1.60339059845 5.93158631311 1.10637502768 1.60339059845 5.93158631311
0.438391049516 0.51601662619 11.0808473394 0.438391049516 0.51601662619 11.0808473394
1.83319429248 0.651148381668 -3.09261319891 1.83319429248 0.651148381668 -3.09261319891
-0.329701052995 -0.41012913253 -7.21623219384 -0.329701052995 -0.41012913253 -7.21623219384
0.952551574995 -1.97127129864 3.40206025612 0.970369314679 -1.92505552687 3.55770285707
-0.638574422212 0.815758816582 3.95514337544 -0.638574422212 0.815758816582 3.95514337544
-1.55228017844 1.36650285239 -3.2074080948 -1.55228017844 1.36650285239 -3.2074080948
0.953957530546 0.652049456193 0.684018995638 0.987680962384 0.574389534744 0.59611678142
-1.02803782263 -0.262613793452 -5.64769570015 -1.02803782263 -0.262613793452 -5.64769570015
-0.253500436108 0.80866769555 -1.13770793539 -0.253500436108 0.80866769555 -1.13770793539
0.00297899028689 -1.6047757487 4.35856632518 0.00297899028689 -1.6047757487 4.35856632518
0.212570058805 -0.907799021732 5.78781915759 0.212570058805 -0.907799021732 5.78781915759
0.205957043946 0.127025520218 -1.3886708206 0.263826719156 0.0832724426448 -1.41514406963
0.74676050934 1.09373191585 -9.73873158036 0.74676050934 1.09373191585 -9.73873158036
-0.625779509283 -1.12124027317 1.76897943581 -0.625779509283 -1.12124027317 1.76897943581
0.520531322235 -0.558688906623 -4.80249336657 0.520531322235 -0.558688906623 -4.80249336657
-2.09036045388 1.22096322576 -2.40321418542 -2.09036045388 1.22096322576 -2.40321418542
0.577831821537 -0.0686244759722 -4.3074086168 0.577831821537 -0.0686244759722 -4.3074086168
-1.30399748518 1.06508140892 -2.92333953594 -1.30399748518 1.06508140892 -2.92333953594
-0.103648290179 0.500540429624 -2.70985271485 -0.103648290179 0.500540429624 -2.70985271485
1.32230509882 -1.9655216702 -2.31037201248 1.32230509882 -1.9655216702 -2.31037201248
-1.10414093294 -0.638560375583 4.92963984916 -1.10414093294 -0.638560375583 4.92963984916
1.16473843161 2.80959191026 -9.91478255035 1.16473843161 2.80959191026 -9.91478255035
-0.28863801333 1.53035783109 2.95727664939 -0.580380536525 1.56419739062 2.85294337043
0.854858982164 2.80713294703 -4.72262634345 0.854858982164 2.80713294703 -4.72262634345
-1.41550087238 0.409958472746 0.193764746596 -1.41550087238 0.409958472746 0.193764746596
0.397047698128 0.408456937656 1.80508666795 0.279854316143 0.629017800959 1.7776882142
-0.592857566342 0.0104013126494 -3.21355842079 -0.592857566342 0.0104013126494 -3.21355842079
-1.95124520854 0.668311238534 -2.26522823324 -1.95124520854 0.668311238534 -2.26522823324
0.379782254762 0.989369485713 1.57424825474 0.379782254762 0.989369485713 1.57424825474
-0.896299064654 1.56647875476 1.68300762907 -0.896299064654 1.56647875476 1.68300762907
-0.977155531461 -0.208424648356 3.0793472972 -0.977155531461 -0.208424648356 3.0793472972
-0.0244696963925 1.47396269799 3.49139807329 -0.0244696963925 1.47396269799 3.49139807329
-0.784672729948 -0.46155553496 -1.90551872819 -0.784672729948 -0.46155553496 -1.90551872819
0.0754911934031 -1.18440316972 2.96367785324 0.0754911934031 -1.18440316972 2.96367785324
0.750730310395 -0.346293221039 -3.88895828976 0.750730310395 -0.346293221039 -3.88895828976
0.47170995702 0.176673155432 0.265600221385 0.603264483856 0.348645582617 0.559692844294
1.46456255082 1.22767584287 1.37550222293 1.46456255082 1.22767584287 1.37550222293
-0.54711367195 -2.40633288236 5.70842842314 -0.54711367195 -2.40633288236 5.70842842314
-0.702158793335 -1.1392362009 0.0505436326249 -0.702158793335 -1.1392362009 0.0505436326249
-0.983178146477 1.5006600296 2.29652446691 -0.983178146477 1.5006600296 2.29652446691
-0.281006496229 1.47043344197 -5.39672760155 -0.281006496229 1.47043344197 -5.39672760155
2.1139461131 0.96322221232 4.05031929437 2.1139461131 0.96322221232 4.05031929437
0.67509103233 -1.23568223356 3.64289564936 0.67509103233 -1.23568223356 3.64289564936
-3.11256527019 -0.0609876622281 1.11756599782 -3.11256527019 -0.0609876622281 1.11756599782
-1.67269313196 -0.080937819256 -0.101372877195 -1.67269313196 -0.080937819256 -0.101372877195
0.132905173633 3.7966064893 -12.2166180068 0.132905173633 3.7966064893 -12.2166180068
-0.600773295328 -1.39481007645 -0.796562026453 -0.600773295328 -1.39481007645 -0.796562026453
1.49202550468 1.07590953687 0.898718720372 1.49202550468 1.07590953687 0.898718720372
0.719733735593 -0.062977808901 1.04464433031 0.719733735593 -0.062977808901 1.04464433031
1.19604734844 -1.46471252266 -4.93365916091 1.19604734844 -1.46471252266 -4.93365916091
-0.0112711414147 0.966467887588 -6.35900195385 -0.0112711414147 0.966467887588 -6.35900195385
-1.39130016318 -0.828307887179 -9.76265847792 -1.39130016318 -0.828307887179 -9.76265847792
1.2735498478 0.234440170536 -10.5901093454 1.2735498478 0.234440170536 -10.5901093454
0.265223755773 -1.28559412812 0.428017683484 0.265223755773 -1.28559412812 0.428017683484
-0.200824604658 0.689669031181 2.12248985256 -0.200824604658 0.689669031181 2.12248985256
-0.183753957907 0.134309257196 -1.65451837601 -0.183753957907 0.134309257196 -1.65451837601
-0.256395645378 0.428076540564 3.46164069543 -0.099766999492 0.492552500435 3.49562030518
-0.551348497035 0.198306990049 1.88988549518 -0.551348497035 0.198306990049 1.88988549518
-0.278440650063 -1.05077685394 -4.99889742957 -0.278440650063 -1.05077685394 -4.99889742957
1.1292624699 0.407814504837 -0.953650263008 1.1292624699 0.407814504837 -0.953650263008
0.740866669304 1.19787965462 4.67452634049 0.740866669304 1.19787965462 4.67452634049
-0.90790110029 0.0836999223729 -1.73666232144 -0.90790110029 0.0836999223729 -1.73666232144
-0.939195050296 -0.318912331521 -1.39971271186 -0.939195050296 -0.318912331521 -1.39971271186
-0.457601983861 2.04553345718 -1.5062846888 -0.457601983861 2.04553345718 -1.5062846888
-2.49692938899 -0.0362429294025 -4.72301661421 -2.49692938899 -0.0362429294025 -4.72301661421
2.86718259965 -1.45090088481 -1.93278064755 2.86718259965 -1.45090088481 -1.93278064755
0.568349105547 1.14845768166 -2.27049540786 0.568349105547 1.14845768166 -2.27049540786
0.0320083664032 0.11304436052 -2.69975427495 0.0320083664032 0.11304436052 -2.69975427495
-0.787135939796 -1.34940111734 -2.7381840382 -0.787135939796 -1.34940111734 -2.7381840382
2.00026453808 0.184110036722 2.77860784433 2.00026453808 0.184110036722 2.77860784433
1.01646868773 -0.287544356234 2.71974816521 0.993230270124 -0.264781895899 2.74603376996
1.4335860459 -0.508849288977 -7.25641742965 1.4335860459 -0.508849288977 -7.25641742965
-0.468883064392 -0.0226063699389 7.41295195096 -0.468883064392 -0.0226063699389 7.41295195096
-0.622291930159 0.250699974151 0.79657310259 -0.622291930159 0.250699974151 0.79657310259
-1.92862496193 -0.0154537370094 -2.8588492689 -1.92862496193 -0.0154537370094 -2.8588492689
0.334727174544 0.317763237557 1.62428926207 0.621175710559 0.0657880156542 1.24457973413
-0.7614337991 0.498850145596 3.39794143961 -0.7614337991 0.498850145596 3.39794143961
0.394155355866 3.41737306043 1.48654732967 0.394155355866 3.41737306043 1.48654732967
0.240749111232 0.660887064146 4.83250158805 0.240749111232 0.660887064146 4.83250158805
-2.22035519223 0.763915712013 0.811670750857 -2.35461494748 0.815546362046 0.620052569494
0.473976856465 0.836105202771 4.32446429005 0.473976856465 0.836105202771 4.32446429005
1.50263656552 1.05976184708 -1.96710802709 1.50263656552 1.05976184708 -1.96710802709
-2.81304739885 -1.85721534764 -6.8715786565 -2.81304739885 -1.85721534764 -6.8715786565
1.19319252164 1.88152390679 5.81814971896 1.19319252164 1.88152390679 5.81814971896
0.422757721206 0.367151429587 1.07619881754 0.422757721206 0.367151429587 1.07619881754
0.234056059109 -2.39494008249 6.50421388158 0.234056059109 -2.39494008249 6.50421388158
-1.5311449471 1.58321117993 5.36823410455 -1.5311449471 1.58321117993 5.36823410455
-0.325409339726 -0.1527261318 -7.79715737875 -0.11127514004 -0.122649989505 -7.5954799067
-0.0688295342553 1.19527405163 1.08203412438 -0.0688295342553 1.19527405163 1.08203412438
0.172703486299 0.297037007384 3.78111730108 0.172703486299 0.297037007384 3.78111730108
-0.318136422981 -0.0631016370486 7.43708931675 -0.318136422981 -0.0631016370486 7.43708931675
-1.30722306108 -2.04512089364 0.344312264661 -1.30722306108 -2.04512089364 0.344312264661
-0.397559160481 1.67927042931 -3.11645947799 -0.397559160481 1.67927042931 -3.11645947799
-0.778606584572 -3.06793608715 -3.59151027128 -0.778606584572 -3.06793608715 -3.59151027128
0.29305755093 0.197880735529 3.6301650301 0.29305755093 0.197880735529 3.6301650301
-0.630970802683 -0.650285255937 7.58053613018 -0.630970802683 -0.650285255937 7.58053613018
-0.139212767214 -0.704220606352 8.40364677897 -0.139212767214 -0.704220606352 8.40364677897
0.675908136589 0.494915735706 -6.08959318328 0.675908136589 0.494915735706 -6.08959318328
0.46728765148 -0.488344311377 -1.25901782458 0.46728765148 -0.488344311377 -1.25901782458
2.36645730494 -1.43338581765 -1.64989974442 2.36645730494 -1.43338581765 -1.64989974442
-2.55795320253 0.750893588444 2.4171636693 -2.55795320253 0.750893588444 2.4171636693
-1.98044034448 0.551066913984 3.60835217069 -1.98044034448 0.551066913984 3.60835217069
-1.43051371448 -1.36469069448 -6.44867575216 -1.43051371448 -1.36469069448 -6.44867575216
0.959009675612 -0.944774040079 -6.59775915653 0.959009675612 -0.944774040079 -6.59775915653
0.0812626249505 0.000605426248505 0.418600152143 0.0812626249505 0.000605426248505 0.418600152143
-0.0367311794641 0.0553175284555 -7.18906518353 -0.0367311794641 0.0553175284555 -7.18906518353
0.277799042735 -0.915226605709 2.09540407643 0.277799042735 -0.915226605709 2.09540407643
1.01353343953 2.53331829783 -6.32737134829 1.01353343953 2.53331829783 -6.32737134829
1.15338793826 1.14435724679 3.97506455961 1.15338793826 1.14435724679 3.97506455961
-0.594690863386 0.933442689762 -4.12050482614 -0.594690863386 0.933442689762 -4.12050482614
-1.75517856306 0.200914431424 -9.76756660306 -1.75517856306 0.200914431424 -9.76756660306
0.0901224733516 -1.08107403641 2.71435804025 0.0901224733516 -1.08107403641 2.71435804025
-0.191172509487 -0.231434504724 -2.70031731862 -0.0641455249134 -0.0124820845923 -2.58767366031
-0.698374081851 1.03570506357 -7.17719471688 -0.698374081851 1.03570506357 -7.17719471688
-1.45318344758 -2.99799767638 -4.18980422572 -1.45318344758 -2.99799767638 -4.18980422572
0.128103825879 0.00171011488077 1.13842608677 -0.0225680549682 0.0488947661854 1.43062182302
0.27508944471 -0.249152249776 -3.35788158771 0.171069851156 -0.127174574977 -3.3576588349
0.649826391397 -0.712051865968 7.0114770303 0.649826391397 -0.712051865968 7.0114770303
-0.60368907228 -2.56646688055 3.16237685893 -0.60368907228 -2.56646688055 3.16237685893
1.24516893712 -0.28819257376 9.59251914203 1.24516893712 -0.28819257376 9.59251914203
-0.846480251418 0.380331807418 -0.515127108141 -0.846480251418 0.380331807418 -0.515127108141
-3.02210141513 1.3930376884 2.32749673506 -3.02210141513 1.3930376884 2.32749673506
-0.552586918961 -1.04074762307 -6.48405753093 -0.490664046432 -0.980754573695 -6.30663838055
0.250236190039 -1.271756136 -5.21104082123 0.250236190039 -1.271756136 -5.21104082123
-0.394659377099 0.354214162158 -4.26255158453 -0.394659377099 0.354214162158 -4.26255158453
1.76851588993 -0.827175646018 -0.272896602792 1.76851588993 -0.827175646018 -0.272896602792
-0.297290484052 -2.70055577215 -0.67758613164 -0.297290484052 -2.70055577215 -0.67758613164
-1.49471718661 3.04901715367 -2.50364362684 -1.49471718661 3.04901715367 -2.50364362684
0.553214510635 1.4264845184 -5.13986308525 0.553214510635 1.4264845184 -5.13986308525
0.858815108472 -1.08097471303 -0.684944327803 0.858815108472 -1.08097471303 -0.684944327803
0.708371651413 1.69887082489 -8.63870614117 0.708371651413 1.69887082489 -8.63870614117
-0.0225680549682 0.0488947661854 1.43062182302 -0.0917259799114 -0.174459891435 1.24427917532
-1.31055672465 -0.137053331765 -3.38864281601 -1.31055672465 -0.137053331765 -3.38864281601
-0.959363089355 -1.06823604743 1.88440964921 -0.959363089355 -1.06823604743 1.88440964921
1.82901152952 -1.35774516686 -2.14995424983 1.82901152952 -1.35774516686 -2.14995424983
-1.30484976495 0.664620385963 -4.0325259474 -1.30484976495 0.664620385963 -4.0325259474
0.139674987691 0.104339115879 1.83244415283 0.139674987691 0.104339115879 1.83244415283
-1.26772497056 -0.612491670615 -1.47832028803 -1.26772497056 -0.612491670615 -1.47832028803
0.490666682982 0.0846058799344 -0.528063993081 0.490666682982 0.0846058799344 -0.528063993081
-0.242088310815 -1.49857083058 -6.81507562114 -0.242088310815 -1.49857083058 -6.81507562114
-1.89620707457 0.815943721513 -2.86041040116 -1.89620707457 0.815943721513 -2.86041040116
1.1309111582 1.01057210902 4.21010094019 1.1309111582 1.01057210902 4.21010094019
1.53822289506 -0.439983624759 5.29296343653 1.53822289506 -0.439983624759 5.29296343653
0.202305373069 0.676648483791 -6.933849038 0.202305373069 0.676648483791 -6.933849038
1.13539254085 -0.217311103733 7.99085704943 1.13539254085 -0.217311103733 7.99085704943
1.542040188 0.938543248359 1.7500537121 1.542040188 0.938543248359 1.7500537121
1.28662493003 -1.06818540413 -0.929727751408 1.28662493003 -1.06818540413 -0.929727751408
-1.27379962837 -1.35432837235 -0.236721790328 -1.27379962837 -1.35432837235 -0.236721790328
-3.7639659249 0.542755462841 -8.56174750587 -3.7639659249 0.542755462841 -8.56174750587
1.1337372052 0.395128652829 5.41719759423 1.1337372052 0.395128652829 5.41719759423
-0.660364018475 -1.69768928273 -2.71748494118 -0.660364018475 -1.69768928273 -2.71748494118
0.887847039924 0.290490824678 2.69017005322 0.887847039924 0.290490824678 2.69017005322
-1.10680752567 -0.979587318907 0.612133531542 -1.10680752567 -0.979587318907 0.612133531542
-1.78707792242 1.38753535219 3.08661503545 -1.78707792242 1.38753535219 3.08661503545
0.0711700336578 0.427691768253 -3.20932939995 0.167561431219 0.236516625003 -3.15411587246
0.830131130995 -0.407913164198 0.0229344376544 0.807600550588 -0.501464591336 0.233770672927
-1.34894877605 2.4056675181 5.01926133753 -1.34894877605 2.4056675181 5.01926133753
-0.207440860514 -0.384107637144 -4.98477302185 -0.207440860514 -0.384107637144 -4.98477302185
1.53879775456 -1.81710210401 -3.15823660417 1.53879775456 -1.81710210401 -3.15823660417
0.970369314679 -1.92505552687 3.55770285707 0.952551574995 -1.97127129864 3.40206025612
0.843490484839 -0.625024556937 1.57399852161 0.843490484839 -0.625024556937 1.57399852161
-1.35666638772 -0.290083743906 -1.82834378735 -1.32167046435 -0.3926037204 -1.78483190439
-0.44160093022 -0.17923559593 -6.27726477443 -0.44160093022 -0.17923559593 -6.27726477443
-0.360527538469 -1.96090227117 5.21771922982 -0.360527538469 -1.96090227117 5.21771922982
-0.853472269534 -1.43129057719 -6.77247411082 -0.853472269534 -1.43129057719 -6.77247411082
-1.83210561044 0.427037395938 4.02472748557 -1.83210561044 0.427037395938 4.02472748557
1.46831571376 -0.000780225985166 -0.170732180072 1.55801286136 0.158125870356 -0.231368530618
1.49225693579 -0.97711446402 -4.45284886087 1.59547148624 -1.07235086638 -4.40893808507
-0.491438347085 0.519399230151 -3.3629625899 -0.491438347085 0.519399230151 -3.3629625899
-1.30805080465 -0.887970820432 -7.86959590236 -1.30805080465 -0.887970820432 -7.86959590236
-1.09906068679 -1.00070321592 4.04141646732 -1.09906068679 -1.00070321592 4.04141646732
-1.11363637149 -0.0274083533581 -5.57319251016 -1.11363637149 -0.0274083533581 -5.57319251016
0.311608908795 -0.112686886945 3.94562006264 0.311608908795 -0.112686886945 3.94562006264
-0.0716713350102 0.0190426107703 5.07279383904 -0.0629039097899 -0.143864102285 5.01365697439
1.53023245105 -0.647585493455 -1.92664751123 1.53023245105 -0.647585493455 -1.92664751123
-1.19480045352 -0.757874154945 -3.42966440631 -1.19480045352 -0.757874154945 -3.42966440631
-2.35136799787 -1.78624123465 2.28380055477 -2.35136799787 -1.78624123465 2.28380055477
-0.581696720047 0.301502741748 2.5709946909 -0.581696720047 0.301502741748 2.5709946909
-2.20700490176 2.65000663287 9.64788793513 -2.20700490176 2.65000663287 9.64788793513
-1.59652423756 0.173234778763 2.67769385313 -1.59652423756 0.173234778763 2.67769385313
-0.237693425338 -0.691631659956 7.17034173771 -0.237693425338 -0.691631659956 7.17034173771
0.706762301636 0.783922586892 5.4730395155 0.706762301636 0.783922586892 5.4730395155
1.65038257308 0.231585538218 -9.79606811509 1.65038257308 0.231585538218 -9.79606811509
1.71629469123 0.744445688605 -1.34845440937 1.71629469123 0.744445688605 -1.34845440937
-0.809299563051 1.54114382698 5.51199162954 -0.809299563051 1.54114382698 5.51199162954
1.2736591052 0.803405587727 -1.48086399631 1.2736591052 0.803405587727 -1.48086399631
1.29856038076 -2.02574514428 -1.38322449445 1.29856038076 -2.02574514428 -1.38322449445
-1.20833939777 -0.492554426367 -1.12399310638 -1.20833939777 -0.492554426367 -1.12399310638
-0.467877543891 0.362833548541 -0.66290361911 -0.467877543891 0.362833548541 -0.66290361911
-2.06145995601 -0.0917864787631 -2.76772191418 -2.06145995601 -0.0917864787631 -2.76772191418
0.518361586698 1.49525483785 -3.73071371413 0.518361586698 1.49525483785 -3.73071371413
2.00987706878 -0.517218423104 -6.62293356077 2.00987706878 -0.517218423104 -6.62293356077
-0.711140115135 -2.20401836532 -1.37356279024 -0.711140115135 -2.20401836532 -1.37356279024
-1.98130505476 -1.48592314748 -0.844039983311 -1.98130505476 -1.48592314748 -0.844039983311
-0.1810109076 -0.376624698017 -5.10595023816 -0.1810109076 -0.376624698017 -5.10595023816
-1.54529721796 0.046281410548 -2.31061275897 -1.54529721796 0.046281410548 -2.31061275897
-0.402323685036 -0.193684241805 2.19303720556 -0.402323685036 -0.193684241805 2.19303720556
-0.165118952877 -1.14306386541 2.89663446387 -0.165118952877 -1.14306386541 2.89663446387
1.95386606423 1.48298225933 -1.61703884874 1.95386606423 1.48298225933 -1.61703884874
-1.8679689233 0.227891370702 2.28952969194 -1.8679689233 0.227891370702 2.28952969194
-0.187688841316 0.911687513027 2.39743503979 -0.187688841316 0.911687513027 2.39743503979
1.34535487327 2.99521753621 -7.19922945589 1.34535487327 2.99521753621 -7.19922945589
-0.738864154769 -0.861270518442 0.0303833956062 -0.944951718221 -0.748205632734 -0.176481225029
1.70750756336 -0.266762198815 1.6080842911 1.70750756336 -0.266762198815 1.6080842911
-0.738459222108 -0.590078040978 0.900756566177 -0.778724412934 -0.645513051514 0.937350290356
-2.46341554991 -0.507636158557 -0.271728597865 -2.16114797794 -0.446029235145 -0.0175039668132
1.75393651889 2.31981575725 -3.51992372398 1.74417207687 2.45142719579 -3.53414540917
-0.0320178483529 -0.387558301569 6.47439042678 -0.0320178483529 -0.387558301569 6.47439042678
-0.755384171442 -0.320984925341 2.30290802792 -0.814672539431 -0.111920159368 2.27238199422
-1.48962633739 0.0418574120487 -8.31338944092 -1.48962633739 0.0418574120487 -8.31338944092
1.04940675071 0.877804875194 1.96440978017 1.04940675071 0.877804875194 1.96440978017
1.52343813334 0.145161260607 3.66381687905 1.52343813334 0.145161260607 3.66381687905
0.237143674108 0.739863858298 8.79029777509 0.237143674108 0.739863858298 8.79029777509
0.453889322939 1.85053441594 3.26516299596 0.453889322939 1.85053441594 3.26516299596
0.195322628876 0.699049618829 4.24495913327 0.195322628876 0.699049618829 4.24495913327
1.38378973287 0.609017302744 -0.644182360857 1.38378973287 0.609017302744 -0.644182360857
2.39968623256 0.418913886597 -2.46019764 2.39968623256 0.418913886597 -2.46019764
0.287560822134 0.434525843147 0.438764961108 0.287560822134 0.434525843147 0.438764961108
-1.99739811599 1.0895636332 -2.95505170803 -1.99739811599 1.0895636332 -2.95505170803
0.300720707509 -0.812619630868 -2.47852872837 0.300720707509 -0.812619630868 -2.47852872837
-0.71967455853 -0.134308056764 -2.49938188362 -0.71967455853 -0.134308056764 -2.49938188362
1.73786467233 1.3815434422 7.08075355506 1.73786467233 1.3815434422 7.08075355506
-0.817304953432 -0.687883131084 3.6284350589 -0.817304953432 -0.687883131084 3.6284350589
0.746292133063 0.696788944404 2.05167955743 0.746292133063 0.696788944404 2.05167955743
1.5247244548 1.08784148356 3.14174886595 1.5247244548 1.08784148356 3.14174886595
-2.35461494748 0.815546362046 0.620052569494 -2.22035519223 0.763915712013 0.811670750857
1.0032096402 1.77346159879 -2.10820297761 1.0032096402 1.77346159879 -2.10820297761
0.263826719156 0.0832724426448 -1.41514406963 0.0589090316995 0.111813473652 -1.52012665433
1.40154205232 -0.297835365546 -3.96965112588 1.40154205232 -0.297835365546 -3.96965112588
-0.0555857636408 -0.49162371939 -2.81772835984 -0.0555857636408 -0.49162371939 -2.81772835984
-0.799590111388 -2.74264075074 1.07704529482 -0.799590111388 -2.74264075074 1.07704529482
0.807600550588 -0.501464591336 0.233770672927 0.830131130995 -0.407913164198 0.0229344376544
1.25505227059 1.19473986546 4.27604223835 1.25505227059 1.19473986546 4.27604223835
-0.279814877463 -0.65721518054 6.22979543682 -0.279814877463 -0.65721518054 6.22979543682
2.47703841041 -0.127920383426 1.97445814291 2.47703841041 -0.127920383426 1.97445814291
-2.01698160896 0.977314811235 4.44798228503 -2.01698160896 0.977314811235 4.44798228503
-2.13298635894 2.42294689946 -3.54460909773 -2.13298635894 2.42294689946 -3.54460909773
0.848452387106 -0.113102128101 -2.86265844926 0.848452387106 -0.113102128101 -2.86265844926
-2.83626438731 0.609347677715 -0.309702733301 -2.83626438731 0.609347677715 -0.309702733301
0.570551113898 -0.820035932774 0.938851666122 0.570551113898 -0.820035932774 0.938851666122
-1.85799023451 0.565229986389 8.44565350721 -1.85799023451 0.565229986389 8.44565350721
-0.0588982223192 1.21393198403 13.5755541938 -0.0588982223192 1.21393198403 13.5755541938
0.148165649057 0.346600286068 0.358141902698 0.148165649057 0.346600286068 0.358141902698
-1.62222439169 1.43292506823 -1.97871330856 -1.62222439169 1.43292506823 -1.97871330856
-0.186863403682 0.143427807618 -0.461605581056 -0.186863403682 0.143427807618 -0.461605581056
1.28313376353 0.527024976015 -2.57740867557 1.28313376353 0.527024976015 -2.57740867557
0.757471250529 0.954502199539 0.466600585154 0.757471250529 0.954502199539 0.466600585154
0.569528362065 -1.50285382141 11.3625950155 0.569528362065 -1.50285382141 11.3625950155
-1.23432582517 0.704574368142 -8.3255691244 -1.23432582517 0.704574368142 -8.3255691244
0.125446255028 1.05590225304 4.27637153406 0.125446255028 1.05590225304 4.27637153406
1.93725083684 -3.04671029458 -9.08207763606 1.93725083684 -3.04671029458 -9.08207763606
1.63148675963 1.15118868829 -7.18012517492 1.63148675963 1.15118868829 -7.18012517492
-0.94600060389 0.630468679702 4.61605980113 -0.94600060389 0.630468679702 4.61605980113
0.141832937111 0.424012275627 -8.31968319516 0.141832937111 0.424012275627 -8.31968319516
0.721165247237 -0.0411186473041 0.994225269074 0.721165247237 -0.0411186473041 0.994225269074
-0.391885569134 -0.545805100934 1.52887859216 -0.470971827956 -0.520751599995 1.66525012618
1.82703742632 0.435862809404 5.46657568249 1.82703742632 0.435862809404 5.46657568249
-0.30720689398 -1.64139946817 -5.75279644821 -0.30720689398 -1.64139946817 -5.75279644821
0.091566651784 0.215127529445 -6.37031373773 0.152507288778 0.0922601879105 -6.51987947066
1.52585283929 2.33624828759 3.8551846917 1.52585283929 2.33624828759 3.8551846917
0.921775734262 -0.409934756072 -1.96117127955 1.2981560157 -0.385945758662 -1.94774710044
1.30968444335 1.33509575976 8.36956870776 1.30968444335 1.33509575976 8.36956870776
1.32357665433 2.06367469023 -6.83672613435 1.32357665433 2.06367469023 -6.83672613435
0.746182481277 0.935920435363 1.88835756109 0.746182481277 0.935920435363 1.88835756109
1.12411513545 2.47964849565 -0.899221402135 1.12411513545 2.47964849565 -0.899221402135
-0.0917259799114 -0.174459891435 1.24427917532 0.128103825879 0.00171011488077 1.13842608677
-1.95528503967 -1.71482750916 -6.23685475684 -1.95528503967 -1.71482750916 -6.23685475684
-1.36256881885 0.086109652086 -3.93423799964 -1.36256881885 0.086109652086 -3.93423799964
-0.167044108274 0.753751153006 3.31609350376 -0.256395645378 0.428076540564 3.46164069543
0.297964046939 1.72018627379 1.75120124018 0.297964046939 1.72018627379 1.75120124018
0.21159711658 1.50420241073 5.77630287228 0.21159711658 1.50420241073 5.77630287228
1.97048730997 -1.594553526 -4.25941451281 1.97048730997 -1.594553526 -4.25941451281
1.24665541698 -0.736551194532 3.14718370309 1.24665541698 -0.736551194532 3.14718370309
1.19206768115 -0.48926324541 0.652985030049 1.19206768115 -0.48926324541 0.652985030049
-2.99095675382 -0.765722902394 8.07871477662 -2.99095675382 -0.765722902394 8.07871477662
-1.8119744655 1.65314390146 -1.40658594641 -1.8119744655 1.65314390146 -1.40658594641
-0.972302125999 -0.856191708474 4.57765984544 -0.972302125999 -0.856191708474 4.57765984544
-0.1517641238 -1.08657672196 -0.327523189771 -0.1517641238 -1.08657672196 -0.327523189771
0.359115281361 0.918092980575 -2.71574403255 0.359115281361 0.918092980575 -2.71574403255
-1.25053379396 -0.10506492693 0.222316835676 -1.25053379396 -0.10506492693 0.222316835676
0.313817362197 2.74514603699 -2.80995010897 0.313817362197 2.74514603699 -2.80995010897
1.12418221182 -0.352244711433 0.762184423098 1.07595951695 -0.538149626937 0.665475123315
-0.126733563508 1.1576959682 0.979706764079 -0.126733563508 1.1576959682 0.979706764079
0.380655754167 3.44347718024 1.26067659543 0.380655754167 3.44347718024 1.26067659543
-0.944951718221 -0.748205632734 -0.176481225029 -0.738864154769 -0.861270518442 0.0303833956062
-1.85923005956 -0.816262273525 9.63495858347 -1.85923005956 -0.816262273525 9.63495858347
-1.65546070693 -0.0135688068072 9.19490935935 -1.65546070693 -0.0135688068072 9.19490935935
0.0083727170071 0.0708465458545 -1.68818144753 0.0083727170071 0.0708465458545 -1.68818144753
0.146758861402 -1.10437042326 6.78820457332 0.146758861402 -1.10437042326 6.78820457332
0.162973615188 -1.95984609032 -2.62171945748 0.162973615188 -1.95984609032 -2.62171945748
-1.01851688863 0.127898367329 1.40888111363 -0.819733292708 0.0913277925496 1.11091898974
2.42677498529 -0.384029891092 5.48467981372 2.42677498529 -0.384029891092 5.48467981372
0.730113662154 -0.214723918902 -5.06028804308 0.730113662154 -0.214723918902 -5.06028804308
-1.51899171398 0.187920085796 -4.51600461648 -1.51899171398 0.187920085796 -4.51600461648
-0.0229556408416 0.767460004566 -5.86984917688 -0.0229556408416 0.767460004566 -5.86984917688
0.251273823188 -1.06076320409 -0.494347652407 0.110699255735 -1.04584982334 -0.705999373897
2.20528697589 0.239772368132 -8.69087077397 2.20528697589 0.239772368132 -8.69087077397
-2.17662319597 -1.06691812997 6.35921029937 -2.17662319597 -1.06691812997 6.35921029937
-2.36562496127 0.624691520239 13.5194605401 -2.36562496127 0.624691520239 13.5194605401
-1.84696106557 0.654375348844 -4.27618012333 -1.79814880177 0.756936537123 -4.27571035321
0.0383392072039 -0.734805448154 6.01842662642 0.0383392072039 -0.734805448154 6.01842662642
-2.42314910095 -0.510896013235 1.15834705819 -2.42314910095 -0.510896013235 1.15834705819
-0.0245349449994 0.372481367518 0.449963135318 -0.0245349449994 0.372481367518 0.449963135318
-1.10782304804 -1.92381553515 0.636634306643 -0.91962079069 -1.97938353973 0.716228597988
-0.76029818181 3.30797628881 2.43428542186 -0.76029818181 3.30797628881 2.43428542186
-0.337223736154 1.34995368805 -3.27156403425 -0.337223736154 1.34995368805 -3.27156403425
1.62943649772 -2.47881138688 -7.95013268541 1.62943649772 -2.47881138688 -7.95013268541
-0.476516462313 -0.561437490861 -6.13158459709 -0.476516462313 -0.561437490861 -6.13158459709
-0.237471695645 -0.260524801194 5.68396037619 -0.237471695645 -0.260524801194 5.68396037619
0.84293990254 -0.791521099652 3.62784040629 0.84293990254 -0.791521099652 3.62784040629
-1.3575641899 1.51065737121 7.73391456832 -1.3575641899 1.51065737121 7.73391456832
1.19947123492 -0.221561000234 -2.27746776563 0.86740483029 -0.391452804195 -2.06593922306
-0.218937416089 2.11809703836 2.45913564854 -0.218937416089 2.11809703836 2.45913564854
-1.53673266759 1.74503977557 -4.67243612698 -1.53673266759 1.74503977557 -4.67243612698
0.819100542784 -0.382940848563 1.07400756892 0.819100542784 -0.382940848563 1.07400756892
1.63959069489 0.947264903701 -1.63262837415 1.63959069489 0.947264903701 -1.63262837415
-0.858886221319 -1.05687778045 4.62405724606 -0.858886221319 -1.05687778045 4.62405724606
0.635110549731 0.964708967166 -6.04714827726 0.635110549731 0.964708967166 -6.04714827726
-1.33620730662 -0.0633458839249 0.327804301229 -1.33620730662 -0.0633458839249 0.327804301229
-0.651233225712 2.25202384689 -7.5669442808 -0.651233225712 2.25202384689 -7.5669442808
1.3658636859 0.147137583872 2.74601671887 1.3658636859 0.147137583872 2.74601671887
-0.385388714587 2.84584781463 1.29405440269 -0.385388714587 2.84584781463 1.29405440269
0.645233666422 -1.07436567786 2.09214016741 0.645233666422 -1.07436567786 2.09214016741
-0.609221003734 -1.09795350274 7.88292865597 -0.609221003734 -1.09795350274 7.88292865597
0.0438290669691 -0.487688675066 -11.72063798 0.0438290669691 -0.487688675066 -11.72063798
-0.402527903803 -3.18024489972 4.29572457775 -0.402527903803 -3.18024489972 4.29572457775
0.574964175851 1.27739183058 -4.60023345215 0.54810602537 1.4098274923 -4.65508615238
-0.500613494547 -0.795207450449 2.34834125135 -0.500613494547 -0.795207450449 2.34834125135
1.92743472673 1.78940328861 1.03663829237 1.92743472673 1.78940328861 1.03663829237
-0.187774375518 -0.116054789668 3.86828425484 -0.187774375518 -0.116054789668 3.86828425484
1.68989832176 -0.410617143464 3.78370180767 1.68989832176 -0.410617143464 3.78370180767
-1.63235548699 0.309507631036 -2.67496849305 -1.63235548699 0.309507631036 -2.67496849305
0.406212096389 -0.942722895693 -8.41011464535 0.406212096389 -0.942722895693 -8.41011464535
2.29585736521 -0.885036587676 -4.53389551874 2.29585736521 -0.885036587676 -4.53389551874
1.7324718825 -0.878998329626 6.15783001989 1.7324718825 -0.878998329626 6.15783001989
-1.0980963871 -0.144398065074 1.21888370241 -1.0980963871 -0.144398065074 1.21888370241
0.372964093382 -2.06314603177 -2.3376886233 0.372964093382 -2.06314603177 -2.3376886233
0.30343309515 -0.203611677894 0.801648164407 0.585650759762 -0.185102941233 0.890629157906
-0.501820935553 -1.65077673348 -0.969375884842 -0.501820935553 -1.65077673348 -0.969375884842
1.68933592663 0.675802098294 -5.8271191179 1.68933592663 0.675802098294 -5.8271191179
-0.739254798465 -0.925403756084 -7.59831791289 -0.739254798465 -0.925403756084 -7.59831791289
-0.637361375512 -1.01874648757 6.91717502121 -0.637361375512 -1.01874648757 6.91717502121
-0.46508472404 -0.979505505964 4.53012514226 -0.46508472404 -0.979505505964 4.53012514226
-0.301591793519 -0.537251676922 9.09915999263 -0.301591793519 -0.537251676922 9.09915999263
-0.0425376694581 -0.04233143808 -1.61963325428 -0.0903286711733 0.0792339591838 -1.50107167356
-0.440729216933 2.45582245984 8.10476635292 -0.440729216933 2.45582245984 8.10476635292
0.555532122072 -0.286981388881 -4.59546348958 0.555532122072 -0.286981388881 -4.59546348958
-0.907911039462 1.66272664341 3.42154482131 -0.907911039462 1.66272664341 3.42154482131
-1.18659214895 1.21227228689 -0.114007440783 -1.18659214895 1.21227228689 -0.114007440783
-0.351340793451 -0.997440470176 5.07113217961 -0.351340793451 -0.997440470176 5.07113217961
-0.0370736736836 0.637248344931 3.55911149145 -0.167044108274 0.753751153006 3.31609350376
-0.885132822096 1.42844192317 -0.936939872262 -0.885132822096 1.42844192317 -0.936939872262
-1.32167046435 -0.3926037204 -1.78483190439 -1.35666638772 -0.290083743906 -1.82834378735
-0.245171363286 -1.63147969724 -0.128543314137 -0.245171363286 -1.63147969724 -0.128543314137
-2.51069027579 0.589910386074 -7.54671507079 -2.51069027579 0.589910386074 -7.54671507079
-1.38272086618 -0.915373949969 1.43748260601 -1.38272086618 -0.915373949969 1.43748260601
-1.95028115759 -0.252906679824 1.89725487763 -1.95028115759 -0.252906679824 1.89725487763
0.145195030935 1.74169681851 1.72596722852 0.145195030935 1.74169681851 1.72596722852
1.0158735334 -0.00778722489086 2.24784459047 1.0158735334 -0.00778722489086 2.24784459047
-0.469781115304 1.31426102824 -7.14362359623 -0.469781115304 1.31426102824 -7.14362359623
0.449891443258 0.34969128876 0.744570621797 0.3930576397 0.101757618997 0.941976687745
0.591552936375 0.860746815254 -3.14539391197 0.591552936375 0.860746815254 -3.14539391197
-1.11026583504 -1.13573914799 -1.65181590624 -1.11026583504 -1.13573914799 -1.65181590624
0.279232942284 -0.124430954216 4.6146021778 0.279232942284 -0.124430954216 4.6146021778
1.74417207687 2.45142719579 -3.53414540917 1.75393651889 2.31981575725 -3.51992372398
-0.706592933904 0.95976266585 -4.34691924608 -0.706592933904 0.95976266585 -4.34691924608
2.42070536508 -0.056077015189 -6.40286421782 2.42070536508 -0.056077015189 -6.40286421782
0.221538591047 -1.1865512273 -4.7306501207 0.221538591047 -1.1865512273 -4.7306501207
1.46841324496 -3.10719773764 0.971418354048 1.46841324496 -3.10719773764 0.971418354048
2.31287469104 -0.836281278713 2.58936072797 2.31287469104 -0.836281278713 2.58936072797
1.99400390648 -0.360344916546 0.930763774466 1.99400390648 -0.360344916546 0.930763774466
2.50322952751 0.889894717783 0.587987672769 2.50322952751 0.889894717783 0.587987672769
-0.361258993169 0.117919700288 -3.20609495653 -0.361258993169 0.117919700288 -3.20609495653
0.872352194239 -0.194574686316 5.99347560011 0.872352194239 -0.194574686316 5.99347560011
1.55293479051 1.3560299265 2.62965132634 1.44674658763 1.33221431097 2.74783143014
-0.392635799201 0.323801463492 -0.248037806938 -0.392635799201 0.323801463492 -0.248037806938
1.16194219571 -1.55168652174 -8.36812658739 1.16194219571 -1.55168652174 -8.36812658739
-0.916286860524 -1.56767701752 6.87324961727 -0.916286860524 -1.56767701752 6.87324961727
1.91440044835 -0.35688044613 -2.09662339013 1.91440044835 -0.35688044613 -2.09662339013
-0.03283810822 -0.197201330958 -2.16271548183 -0.03283810822 -0.197201330958 -2.16271548183
0.771821539723 -0.2153389483 9.17483692594 0.771821539723 -0.2153389483 9.17483692594
-1.10290173368 2.56271090001 0.302392898169 -1.10290173368 2.56271090001 0.302392898169
0.478349826105 0.115577138784 8.71886651823 0.478349826105 0.115577138784 8.71886651823
-0.884151910388 -0.267252924316 -3.06016237 -0.884151910388 -0.267252924316 -3.06016237
-0.923345353019 -1.75646210801 -5.4377617705 -0.923345353019 -1.75646210801 -5.4377617705
1.92315516931 0.17741654699 4.26493334536 1.92315516931 0.17741654699 4.26493334536
-1.19008434896 0.377577977456 5.88050860903 -1.19008434896 0.377577977456 5.88050860903
-0.0239692187099 0.420614690996 -8.07463302814 -0.0239692187099 0.420614690996 -8.07463302814
-0.510454085825 -0.753428578813 -6.90816627264 -0.510454085825 -0.753428578813 -6.90816627264
1.16727342468 -1.99823126102 2.78110547283 1.16727342468 -1.99823126102 2.78110547283
0.171069851156 -0.127174574977 -3.3576588349 0.27508944471 -0.249152249776 -3.35788158771
-0.83148601402 1.69742269347 4.20531284213 -0.83148601402 1.69742269347 4.20531284213
0.334715395892 0.161001719192 0.898790704644 0.334715395892 0.161001719192 0.898790704644
-0.722362590441 -0.326078911811 7.47434739284 -0.722362590441 -0.326078911811 7.47434739284
0.046608635702 1.99868033505 -0.18251479412 0.046608635702 1.99868033505 -0.18251479412
1.07954068339 0.164762288675 -7.20287012157 1.07954068339 0.164762288675 -7.20287012157
0.582893471768 1.89273500983 9.9976904862 0.582893471768 1.89273500983 9.9976904862
-0.150539848203 -0.0174029862532 3.6820792269 -0.150539848203 -0.0174029862532 3.6820792269
-1.02015791524 1.09200634789 4.77757061128 -1.02015791524 1.09200634789 4.77757061128
-0.971733007677 1.8149569656 -1.40744860029 -0.971733007677 1.8149569656 -1.40744860029
-1.40115888113 1.21489562193 -2.37365730709 -1.40115888113 1.21489562193 -2.37365730709
0.442532308258 -0.886176801896 -5.73152808574 0.442532308258 -0.886176801896 -5.73152808574
1.40253887812 -2.09156727232 -2.52785863215 1.40253887812 -2.09156727232 -2.52785863215
-0.247137974373 0.672319233519 -0.0463556466587 -0.247137974373 0.672319233519 -0.0463556466587
-0.351030542499 0.577844228152 -9.65313735358 -0.351030542499 0.577844228152 -9.65313735358
0.443007520977 -0.448384369902 -1.79534342478 0.443007520977 -0.448384369902 -1.79534342478
0.865148769345 0.111156612177 9.07914360626 0.865148769345 0.111156612177 9.07914360626
-0.766028511084 0.607124838819 1.81377670231 -0.766028511084 0.607124838819 1.81377670231
-0.727670374364 -0.238103871593 -0.77518984676 -0.727670374364 -0.238103871593 -0.77518984676
-0.503517832831 2.3069095284 5.97988105367 -0.503517832831 2.3069095284 5.97988105367
-0.231033683369 1.01878100152 0.139390051795 -0.1011322929 0.999790905607 0.0841819723096
1.10366116317 -1.10380987252 -4.32536392765 1.10366116317 -1.10380987252 -4.32536392765
-0.661454656885 -0.449255936706 -6.0237702972 -0.661454656885 -0.449255936706 -6.0237702972
-0.588593265809 -0.390339716693 0.323918037888 -0.659092438004 -0.377337530331 0.346929098708
0.903702978152 -0.13270413749 -5.13691068849 0.903702978152 -0.13270413749 -5.13691068849
-0.810342625137 0.299935198234 -8.00252022171 -0.810342625137 0.299935198234 -8.00252022171
-0.778724412934 -0.645513051514 0.937350290356 -0.738459222108 -0.590078040978 0.900756566177
0.405624780308 2.0471595341 -0.963672768861 0.405624780308 2.0471595341 -0.963672768861
1.80502185895 -1.55236064615 -12.3391284425 1.80502185895 -1.55236064615 -12.3391284425
2.74369128688 -1.55099195915 -2.39620253771 2.74369128688 -1.55099195915 -2.39620253771
-0.519139671089 1.50751323255 2.01762890857 -0.519139671089 1.50751323255 2.01762890857
-1.11326336056 -1.8561375372 -5.11416437735 -1.11326336056 -1.8561375372 -5.11416437735
-0.0226334056201 -1.0774825512 2.81024493598 -0.0226334056201 -1.0774825512 2.81024493598
-0.0185960576242 -0.74630732887 -6.24046458328 -0.0185960576242 -0.74630732887 -6.24046458328
-0.647352226057 0.220211568957 3.88261099125 -0.647352226057 0.220211568957 3.88261099125
-2.88305884414 1.04536713473 6.39875664241 -2.88305884414 1.04536713473 6.39875664241
2.20115050606 -0.84633170096 1.96713804685 2.20115050606 -0.84633170096 1.96713804685
-0.0903286711733 0.0792339591838 -1.50107167356 -0.118947833827 -0.0530632187445 -1.38159176405
-0.587133631276 -1.7682585633 -3.33467392672 -0.587133631276 -1.7682585633 -3.33467392672
1.22540045567 1.34208622547 -11.2541822187 1.22540045567 1.34208622547 -11.2541822187
1.56479030006 0.113190245194 -0.430101292213 1.46831571376 -0.000780225985166 -0.170732180072
-0.530831467103 -0.651769914922 -6.42556613635 -0.530831467103 -0.651769914922 -6.42556613635
-2.77919735171 0.990546785941 -1.05820762937 -2.77919735171 0.990546785941 -1.05820762937
-0.565220474693 -0.56991997058 -5.40472079027 -0.623419512865 -0.53446598398 -5.5096904945
-1.35645047199 0.410930340967 9.39870579559 -1.35645047199 0.410930340967 9.39870579559
0.295112996284 0.233655545692 5.73889785984 0.295112996284 0.233655545692 5.73889785984
0.379474540017 -0.18932945376 2.52984277267 0.379474540017 -0.18932945376 2.52984277267
1.6517949183 -0.142782940239 1.90093939892 1.6517949183 -0.142782940239 1.90093939892
-1.93463550471 -0.631276653057 -5.23424711529 -1.93463550471 -0.631276653057 -5.23424711529
-1.59127257266 -0.84398029262 4.46086401372 -1.59634946243 -0.987554680892 4.27157311223
0.177074714239 2.59144257904 4.85128385915 0.177074714239 2.59144257904 4.85128385915
-1.13909209212 -1.40191941526 4.85886830514 -1.13909209212 -1.40191941526 4.85886830514
-0.0778292745599 -0.843098164054 5.31056364448 0.0734024900474 -0.624130722935 5.22629463847
-0.0325965141527 -1.11126724298 2.91124338438 -0.0325965141527 -1.11126724298 2.91124338438
-1.57424377549 -0.0313448192284 -0.702771803225 -1.57424377549 -0.0313448192284 -0.702771803225
-0.95842634121 -0.713557754383 5.61919108142 -0.95842634121 -0.713557754383 5.61919108142
-0.0851516921581 -0.412334004571 5.23477278322 -0.0547399356228 -0.252188981338 5.30833974251
-0.974141904565 2.76326250685 -6.74602191179 -0.974141904565 2.76326250685 -6.74602191179
-0.118947833827 -0.0530632187445 -1.38159176405 0.0106947980077 -0.141797865985 -1.30626052734
-1.29718824899 -0.74250919733 -7.96017982487 -1.29718824899 -0.74250919733 -7.96017982487
0.902052114116 1.03654143845 -10.7757237384 0.902052114116 1.03654143845 -10.7757237384
-1.23800848342 1.88336497935 4.61246227843 -0.94910330883 2.06788469122 4.81777172723
-0.102143626324 -0.350332887195 -5.77861819973 -0.102143626324 -0.350332887195 -5.77861819973
-0.198893935638 1.29023234277 1.38530702563 -0.198893935638 1.29023234277 1.38530702563
-2.24391175614 -0.160145352259 3.33149103158 -2.24391175614 -0.160145352259 3.33149103158
-1.07714193028 -0.701917588589 2.48784527895 -1.07714193028 -0.701917588589 2.48784527895
-0.338947208789 1.20940306569 -2.36329142051 -0.338947208789 1.20940306569 -2.36329142051
1.95441258298 0.0953408198431 4.77990382235 1.95441258298 0.0953408198431 4.77990382235
-0.611720544634 -1.338995472 4.4139299596 -0.611720544634 -1.338995472 4.4139299596
-1.28915774923 1.28743500693 0.840695573363 -1.28915774923 1.28743500693 0.840695573363
-0.640257136815 0.675962855969 -2.90068361087 -0.640257136815 0.675962855969 -2.90068361087
-3.24301369138 -0.676096456625 -0.64848746571 -3.24301369138 -0.676096456625 -0.64848746571
-2.19618310169 1.32564188691 0.469127814348 -2.19618310169 1.32564188691 0.469127814348
-0.207876995919 -1.17149543595 -8.01588361519 -0.207876995919 -1.17149543595 -8.01588361519
-0.169565247812 -1.02076348333 -3.18220766616 -0.171165944095 -1.17696985247 -3.21166595886
-0.693184328292 -1.41491770084 -2.51248432889 -0.693184328292 -1.41491770084 -2.51248432889
1.24833531394 0.548246385171 1.18318714048 1.24833531394 0.548246385171 1.18318714048
2.35134717657 -0.0711134542876 -6.41531706799 2.35134717657 -0.0711134542876 -6.41531706799
-1.30278190121 -1.81421682303 2.80674755625 -1.30278190121 -1.81421682303 2.80674755625
-1.11069120316 0.47425879474 -4.59139632846 -1.11069120316 0.47425879474 -4.59139632846
-2.37415129119 -1.71370829742 -7.1792111767 -2.37415129119 -1.71370829742 -7.1792111767
0.0042436926841 -1.23130754552 5.13292627375 0.0042436926841 -1.23130754552 5.13292627375
-0.297612066781 1.24508887627 6.02610422707 -0.297612066781 1.24508887627 6.02610422707
0.279854316143 0.629017800959 1.7776882142 0.397047698128 0.408456937656 1.80508666795
0.044527940824 -1.31923918213 -2.89473108916 0.414410332799 -1.35445608028 -2.85144843728
1.04439866275 0.0741922513063 2.88743059429 1.04439866275 0.0741922513063 2.88743059429
0.392562361492 0.752313479632 -3.07976582818 0.392562361492 0.752313479632 -3.07976582818
2.77989028016 -0.622227608675 2.04012190528 2.77989028016 -0.622227608675 2.04012190528
2.19081145879 0.656728904248 2.0661749668 2.19081145879 0.656728904248 2.0661749668
0.17465464892 -0.094124153173 -9.37162120284 0.17465464892 -0.094124153173 -9.37162120284
-0.0858574182732 -0.890350830398 -7.94256514175 -0.0858574182732 -0.890350830398 -7.94256514175
-1.38923456559 -1.39338250042 -0.0857304669548 -1.38923456559 -1.39338250042 -0.0857304669548
1.09956397303 -0.629986775782 8.33601934905 1.09956397303 -0.629986775782 8.33601934905
-0.110967588416 -1.27072558097 -2.63956829715 -0.110967588416 -1.27072558097 -2.63956829715
-0.35558701058 0.288131877185 5.86492489181 -0.35558701058 0.288131877185 5.86492489181
-0.241034821431 0.143433980584 -3.62744840573 -0.241034821431 0.143433980584 -3.62744840573
-0.0662446022075 0.957188021778 -2.02397126402 -0.0662446022075 0.957188021778 -2.02397126402
0.110699255735 -1.04584982334 -0.705999373897 0.554993217003 -0.796988211209 -0.738782320279
-2.10220459292 0.452715103665 -7.69986485885 -2.10220459292 0.452715103665 -7.69986485885
0.0589090316995 0.111813473652 -1.52012665433 0.0868865319953 -0.124101502246 -1.75327336363
-0.268486688245 -1.53053828218 6.3124466942 -0.268486688245 -1.53053828218 6.3124466942
-0.177697203965 2.61253234322 3.43436595683 -0.177697203965 2.61253234322 3.43436595683
1.55801286136 0.158125870356 -0.231368530618 1.56479030006 0.113190245194 -0.430101292213
-1.82058386464 1.36244925781 -0.823774115439 -1.82058386464 1.36244925781 -0.823774115439
-2.00671714569 1.17374568002 -7.00204321242 -2.00671714569 1.17374568002 -7.00204321242
0.347966845919 -0.919495227099 -0.374706309347 0.251273823188 -1.06076320409 -0.494347652407
0.810196653174 0.226478102902 13.1907656765 0.810196653174 0.226478102902 13.1907656765
0.491576560087 0.4992312232 -5.1497265082 0.491576560087 0.4992312232 -5.1497265082
2.44826178186 2.18716257491 10.6303417737 2.44826178186 2.18716257491 10.6303417737
-1.11871268001 0.446064553002 -7.87745049923 -1.11871268001 0.446064553002 -7.87745049923
0.987680962384 0.574389534744 0.59611678142 0.953957530546 0.652049456193 0.684018995638
-1.34647361103 0.866112451468 -1.89639990773 -1.34647361103 0.866112451468 -1.89639990773
-0.11127514004 -0.122649989505 -7.5954799067 -0.325409339726 -0.1527261318 -7.79715737875
2.50592266187 -0.382202370372 2.26020834532 2.50592266187 -0.382202370372 2.26020834532
2.29112165542 -0.325888422804 0.115620056638 2.29112165542 -0.325888422804 0.115620056638
0.665138988492 1.16513904901 -3.30276728291 0.665138988492 1.16513904901 -3.30276728291
0.48330447052 -0.54329524909 6.64202491588 0.48330447052 -0.54329524909 6.64202491588
-1.57153733347 0.0126517749928 -4.19663235143 -1.57153733347 0.0126517749928 -4.19663235143
-0.819733292708 0.0913277925496 1.11091898974 -1.03131764677 0.292748854029 1.23129619979
1.1224154571 0.485711057673 4.35541817789 1.1224154571 0.485711057673 4.35541817789
2.90601370102 -1.1974441425 0.790329973393 2.86246097632 -1.21509588562 0.885610113661
-2.41034257197 -0.101685640646 -6.29033119809 -2.41034257197 -0.101685640646 -6.29033119809
-0.0547399356228 -0.252188981338 5.30833974251 -0.0851516921581 -0.412334004571 5.23477278322
1.26649949722 -0.40421507883 4.78302362443 1.26649949722 -0.40421507883 4.78302362443
-1.99249077947 0.595978234261 9.91398011545 -1.99249077947 0.595978234261 9.91398011545
-2.44646605556 0.124488903082 0.923772628033 -2.44646605556 0.124488903082 0.923772628033
-0.237788251791 -0.56998850208 -5.03121500806 -0.237788251791 -0.56998850208 -5.03121500806
-1.58883752872 -1.93836929665 9.43393589931 -1.58883752872 -1.93836929665 9.43393589931
-0.440871149814 1.12105855239 -1.19610299457 -0.440871149814 1.12105855239 -1.19610299457
-0.803659415509 0.0222403682633 -2.53731709615 -0.803659415509 0.0222403682633 -2.53731709615
-0.390851663591 -1.23477116944 5.18854070389 -0.390851663591 -1.23477116944 5.18854070389
1.06590294717 0.598371022018 4.79888767894 1.06590294717 0.598371022018 4.79888767894
0.747374791023 1.97097778523 1.64302063257 0.747374791023 1.97097778523 1.64302063257
0.288474632401 1.621806112 -2.90015842083 0.288474632401 1.621806112 -2.90015842083
1.4702651281 -0.715167840105 -0.839077075364 1.4702651281 -0.715167840105 -0.839077075364
-0.149212993544 0.437257251471 3.0447611798 -0.149212993544 0.437257251471 3.0447611798
-1.59634946243 -0.987554680892 4.27157311223 -1.53841786486 -0.692755251513 4.28541632073
0.37696167351 1.19410863931 5.42733007976 0.37696167351 1.19410863931 5.42733007976
-0.376357027283 1.0289878047 0.131851331258 -0.376357027283 1.0289878047 0.131851331258
0.777660195192 1.33752006346 2.5545128286 0.81528206382 1.36998496425 2.44812678766
-1.20917617056 -0.566123979133 5.5365468584 -1.20917617056 -0.566123979133 5.5365468584
0.690804082593 0.234748628038 -10.8138228106 0.690804082593 0.234748628038 -10.8138228106
-0.5738372455 0.552999414689 2.42296952372 -0.5738372455 0.552999414689 2.42296952372
0.621175710559 0.0657880156542 1.24457973413 0.457006733076 0.527715640961 1.54551201085
-0.814672539431 -0.111920159368 2.27238199422 -0.755384171442 -0.320984925341 2.30290802792
-2.820974696 0.157578991106 1.8348261382 -2.820974696 0.157578991106 1.8348261382
0.0329121689908 2.2213438092 4.46905340683 0.0329121689908 2.2213438092 4.46905340683
-0.470971827956 -0.520751599995 1.66525012618 -0.433532707063 -0.793182951934 1.54144644949
-0.595007272734 4.19459177888 -2.66998013447 -0.595007272734 4.19459177888 -2.66998013447
1.58199497446 -2.37109766932 -3.93453036347 1.58199497446 -2.37109766932 -3.93453036347
0.88525186868 2.11813425149 4.19252276201 0.88525186868 2.11813425149 4.19252276201
-0.900534750454 -0.471784680284 -2.40028779159 -0.900534750454 -0.471784680284 -2.40028779159
2.02701410439 -0.00314248579563 -1.89907328431 2.10022296412 -0.209523055381 -1.8679413503
0.307602682199 0.642992894422 -3.15914372953 0.307602682199 0.642992894422 -3.15914372953
0.21140114526 -0.58496771657 -0.574894527035 0.21140114526 -0.58496771657 -0.574894527035
0.939931727991 0.728037321339 -0.728116473277 0.939931727991 0.728037321339 -0.728116473277
0.315685525165 -0.551459160532 -2.86140377794 0.315685525165 -0.551459160532 -2.86140377794
-0.749727606491 0.79093415254 -2.32423879088 -0.892133240305 0.666309532677 -2.58341123432
-1.06658289024 -0.851852560165 0.863966855173 -1.06658289024 -0.851852560165 0.863966855173
-0.957210205068 -1.44739222277 -4.73901734981 -0.783562419051 -1.3792530868 -4.6568450115
0.167561431219 0.236516625003 -3.15411587246 0.152436409562 0.450479938624 -3.08942657351
2.97245117239 -0.447522212688 2.2944838148 2.97245117239 -0.447522212688 2.2944838148
-1.34090719858 -0.176398379648 1.0309185691 -1.34090719858 -0.176398379648 1.0309185691
-1.18692800205 -0.32207728172 -4.17148929277 -1.18692800205 -0.32207728172 -4.17148929277
-1.49094000164 0.8261794034 -1.4943755815 -1.49094000164 0.8261794034 -1.4943755815
2.13133070802 0.891969887814 -4.23956997534 2.13133070802 0.891969887814 -4.23956997534
0.603264483856 0.348645582617 0.559692844294 0.613570810808 0.334564190623 0.268616226854
0.0291509006543 -0.00650070241563 -0.768103138016 0.0291509006543 -0.00650070241563 -0.768103138016
-0.399469954148 -0.525938626451 -7.39180522299 -0.399469954148 -0.525938626451 -7.39180522299
3.94250522152 0.306949564863 4.8839387594 3.94250522152 0.306949564863 4.8839387594
-1.16224253053 -0.910296182339 -1.08836845059 -1.16224253053 -0.910296182339 -1.08836845059
0.13341483693 0.119337182697 -1.15337739625 0.13341483693 0.119337182697 -1.15337739625
-2.14437996098 -0.585446739785 -2.39500835205 -2.14437996098 -0.585446739785 -2.39500835205
-0.522759580899 1.64445379776 2.1661426473 -0.522759580899 1.64445379776 2.1661426473
0.152507288778 0.0922601879105 -6.51987947066 0.091566651784 0.215127529445 -6.37031373773
-1.81288374763 -1.08111942236 -0.113187860976 -1.81288374763 -1.08111942236 -0.113187860976
1.01340881867 1.39565421276 0.458235909309 1.01340881867 1.39565421276 0.458235909309
0.643813595821 -0.216312622443 -1.31769884378 0.643813595821 -0.216312622443 -1.31769884378
-0.410903366133 1.36505307756 2.58415790958 -0.410903366133 1.36505307756 2.58415790958
0.597734365214 1.25571320966 3.55453907022 0.597734365214 1.25571320966 3.55453907022
1.55277482924 -1.96824310656 6.1909745849 1.55277482924 -1.96824310656 6.1909745849
-1.65999027083 0.58434892407 1.62327541618 -1.65999027083 0.58434892407 1.62327541618
0.554993217003 -0.796988211209 -0.738782320279 0.347966845919 -0.919495227099 -0.374706309347
-0.166563842481 0.475145811969 -5.59158916149 -0.396487672035 0.458460744685 -5.43150296049
-1.70581398549 0.341137630536 3.24802661017 -1.70581398549 0.341137630536 3.24802661017
-0.296527548099 1.99545339567 3.67496429752 -0.296527548099 1.99545339567 3.67496429752
-0.94910330883 2.06788469122 4.81777172723 -1.23800848342 1.88336497935 4.61246227843
0.765094626186 0.482753402087 -6.03663818001 0.765094626186 0.482753402087 -6.03663818001
0.0881184974087 -0.0264589407533 2.62001365416 0.0881184974087 -0.0264589407533 2.62001365416
-0.623419512865 -0.53446598398 -5.5096904945 -0.565220474693 -0.56991997058 -5.40472079027
0.383057937787 3.10876081115 7.08908377329 0.383057937787 3.10876081115 7.08908377329
-1.57184516839 0.597800295037 5.37295796922 -1.57184516839 0.597800295037 5.37295796922
0.610959382329 0.233151677264 -0.2245948454 0.791354957222 0.267759156056 -0.134461070369
-0.088946197632 -1.07269441793 -1.9131830254 -0.088946197632 -1.07269441793 -1.9131830254
0.0570425704909 0.812148310262 5.13202111163 0.0570425704909 0.812148310262 5.13202111163
1.43786252436 -1.20876910726 -3.98907993949 1.43786252436 -1.20876910726 -3.98907993949
0.27100469992 -0.239635376912 -2.13840015024 0.27100469992 -0.239635376912 -2.13840015024
1.11866247349 -1.33858681016 -5.31660962965 1.11866247349 -1.33858681016 -5.31660962965
-1.54375644705 -2.79752910268 0.0183690781614 -1.54375644705 -2.79752910268 0.0183690781614
0.366146530206 -0.790453965769 1.10544731545 0.536140472462 -0.935494355773 1.21333464402
-0.0248419886055 -0.939016307638 5.24035738578 -0.0248419886055 -0.939016307638 5.24035738578
-1.95257158407 2.63287916118 -9.09967291922 -1.95257158407 2.63287916118 -9.09967291922
1.1504942555 0.782762465533 1.53300265671 1.1504942555 0.782762465533 1.53300265671
-0.340398656576 1.63095177542 -6.03557110309 -0.340398656576 1.63095177542 -6.03557110309
0.638282355391 0.983067861384 -0.986121323927 0.638282355391 0.983067861384 -0.986121323927
-2.32516622537 -0.726932563066 -6.3047595918 -2.32516622537 -0.726932563066 -6.3047595918
-1.01021776669 -0.782910599212 -15.3408286444 -1.01021776669 -0.782910599212 -15.3408286444
0.0238458584759 -1.00532452112 10.6414963757 0.0238458584759 -1.00532452112 10.6414963757
0.784518471586 3.20851809225 4.75550515944 0.784518471586 3.20851809225 4.75550515944
-0.0958793048618 1.08626426315 0.144892511123 -0.0958793048618 1.08626426315 0.144892511123
0.613052453004 -1.65015737812 -1.30754215669 0.681344116905 -1.83895067425 -1.33512201744
-0.078658908333 1.23526961641 -4.46173912965 -0.078658908333 1.23526961641 -4.46173912965
1.43342966982 -1.02611131741 -6.44712185384 1.43342966982 -1.02611131741 -6.44712185384
-0.1011322929 0.999790905607 0.0841819723096 -0.231033683369 1.01878100152 0.139390051795
0.361958036599 -0.432527433204 3.96593657268 0.361958036599 -0.432527433204 3.96593657268
0.457006733076 0.527715640961 1.54551201085 0.28789021027 0.459548413905 1.75036139176
-0.452750916399 -0.263837508052 1.54828427833 -0.452750916399 -0.263837508052 1.54828427833
-0.874217146401 -0.914818498149 -5.61533108006 -0.874217146401 -0.914818498149 -5.61533108006
-1.79814880177 0.756936537123 -4.27571035321 -1.84696106557 0.654375348844 -4.27618012333
-1.84858807432 -0.685211020626 -3.56442729705 -1.84858807432 -0.685211020626 -3.56442729705
1.00391770904 0.96122689304 8.62301680438 1.00391770904 0.96122689304 8.62301680438
-0.688018074129 -0.857957319078 3.60730065177 -0.688018074129 -0.857957319078 3.60730065177
-0.433532707063 -0.793182951934 1.54144644949 -0.391885569134 -0.545805100934 1.52887859216
0.220125757101 1.5825052205 -5.70626169636 0.220125757101 1.5825052205 -5.70626169636
0.483734920741 0.64836559338 -3.31480688177 0.571299262026 0.672197618374 -3.27970154518
-1.23300244232 1.64626051123 9.3135608683 -1.23300244232 1.64626051123 9.3135608683
-0.106815384531 0.559621097844 4.99482508258 -0.106815384531 0.559621097844 4.99482508258
0.54124896926 -2.41707823492 -0.87391824282 0.54124896926 -2.41707823492 -0.87391824282
0.570865654388 -0.447742174842 0.450618661414 0.570865654388 -0.447742174842 0.450618661414
-0.0462914453624 -2.46425615889 -6.3613579282 -0.0462914453624 -2.46425615889 -6.3613579282
-1.1332047759 -2.07151622029 3.95181500134 -1.1332047759 -2.07151622029 3.95181500134
0.0868865319953 -0.124101502246 -1.75327336363 0.0384621988222 0.170543255978 -1.91743963693
1.26627589486 -0.627811106789 -7.74709928446 1.26627589486 -0.627811106789 -7.74709928446
-0.511125260885 -0.209448047426 -3.63566122535 -0.511125260885 -0.209448047426 -3.63566122535
-1.22271596096 0.265394398015 -9.44953039317 -1.22271596096 0.265394398015 -9.44953039317
1.10726101331 -0.331141080182 3.18603494966 1.10726101331 -0.331141080182 3.18603494966
-0.697252717331 1.78337497855 1.30814003335 -0.697252717331 1.78337497855 1.30814003335
-0.533198379931 1.14605175764 -12.6496099613 -0.533198379931 1.14605175764 -12.6496099613
-0.742947400736 -0.678638789871 -11.958711321 -0.742947400736 -0.678638789871 -11.958711321
-0.259544321087 1.11240598041 -4.93334316641 -0.259544321087 1.11240598041 -4.93334316641
0.983049635607 -0.426174293751 4.07737764854 0.983049635607 -0.426174293751 4.07737764854
-0.66087574387 -0.737900532223 -3.09933573572 -0.66087574387 -0.737900532223 -3.09933573572
0.0189783503693 2.44616332757 3.21743822239 0.0189783503693 2.44616332757 3.21743822239
0.59701025944 0.821477654146 7.81614303992 0.59701025944 0.821477654146 7.81614303992
1.29810058943 -0.457714557902 5.39838752822 1.29810058943 -0.457714557902 5.39838752822
-1.49793776661 1.1798424051 3.1336436493 -1.49793776661 1.1798424051 3.1336436493
0.24268721943 0.444097027641 3.03068085858 0.24268721943 0.444097027641 3.03068085858
-0.464792002677 2.20087037114 -2.67138727783 -0.464792002677 2.20087037114 -2.67138727783
0.0150059196744 -3.04590352458 -0.21565621461 0.0150059196744 -3.04590352458 -0.21565621461
0.464386467524 1.6987099779 -2.73526026907 0.464386467524 1.6987099779 -2.73526026907
0.363144860973 0.540028099715 -1.17532930586 0.363144860973 0.540028099715 -1.17532930586
0.585330377498 1.16542509303 3.58287374484 0.585330377498 1.16542509303 3.58287374484
3.28126478688 1.00809674933 8.33136959699 3.28126478688 1.00809674933 8.33136959699
-0.330462671207 -1.15090991317 5.74229822002 -0.330462671207 -1.15090991317 5.74229822002
-1.25725756144 -2.86839008764 4.30802473732 -1.25725756144 -2.86839008764 4.30802473732
0.152436409562 0.450479938624 -3.08942657351 0.0711700336578 0.427691768253 -3.20932939995
-0.0177886154438 1.17360187863 4.3683452606 0.0795289985132 1.25174192764 4.47039026907
-0.227381582186 -3.19702303895 9.90294707722 -0.227381582186 -3.19702303895 9.90294707722
-0.528758754289 -0.176188889621 -1.78552491999 -0.528758754289 -0.176188889621 -1.78552491999
1.51389088309 0.512388317483 1.95930066011 1.51389088309 0.512388317483 1.95930066011
-0.522427195066 -2.70709184001 -7.03158237715 -0.522427195066 -2.70709184001 -7.03158237715
0.18081222982 0.396767023163 -4.33105512092 0.18081222982 0.396767023163 -4.33105512092
-0.440811557751 0.50883070054 0.50809350562 -0.440811557751 0.50883070054 0.50809350562
1.46566391057 -0.442805659384 -1.15347621781 1.46566391057 -0.442805659384 -1.15347621781
0.72957803561 -1.2773874923 -0.297729249 0.72957803561 -1.2773874923 -0.297729249
0.118707966898 0.739459603246 -1.38289281397 0.118707966898 0.739459603246 -1.38289281397
-0.413887793446 -1.06504990516 1.74777153048 -0.347726224324 -0.925862172019 1.71476764135
-1.0985064495 -2.37208586138 8.43914491417 -1.0985064495 -2.37208586138 8.43914491417
0.950610103007 1.14277492547 -5.37269273336 0.950610103007 1.14277492547 -5.37269273336
-0.257401921475 -0.149615331193 -2.60894387539 -0.257401921475 -0.149615331193 -2.60894387539
0.460917037398 1.31263240248 -2.87547606376 0.421987347217 1.09318829433 -2.9218312414
-1.38170563141 -1.46398570696 -1.86571701548 -1.38170563141 -1.46398570696 -1.86571701548
-0.374625533105 -0.818810329971 -0.871148747139 -0.374625533105 -0.818810329971 -0.871148747139
1.2412253366 0.601164042037 -3.68236228065 1.2412253366 0.601164042037 -3.68236228065
-1.23867958328 -1.25415211183 -0.305981504904 -1.23867958328 -1.25415211183 -0.305981504904
0.86740483029 -0.391452804195 -2.06593922306 1.19947123492 -0.221561000234 -2.27746776563
0.0734024900474 -0.624130722935 5.22629463847 -0.0778292745599 -0.843098164054 5.31056364448
-1.12062366918 -1.51098203073 8.44928204827 -1.12062366918 -1.51098203073 8.44928204827
0.414410332799 -1.35445608028 -2.85144843728 0.044527940824 -1.31923918213 -2.89473108916
-0.490664046432 -0.980754573695 -6.30663838055 -0.552586918961 -1.04074762307 -6.48405753093
-0.955895437936 -1.90708372006 3.5829792861 -0.955895437936 -1.90708372006 3.5829792861
-1.10760946958 -2.44332052586 -5.92854087434 -1.10760946958 -2.44332052586 -5.92854087434
0.675766192365 0.196635777082 2.00492794795 0.675766192365 0.196635777082 2.00492794795
0.571299262026 0.672197618374 -3.27970154518 0.483734920741 0.64836559338 -3.31480688177
0.903398846048 -2.20401189093 -7.18953116952 0.903398846048 -2.20401189093 -7.18953116952
0.117925842647 -0.0508842378218 1.04194866834 0.117925842647 -0.0508842378218 1.04194866834
-0.151797457504 -0.329565477957 0.829292434681 -0.151797457504 -0.329565477957 0.829292434681
-0.0653054513152 -0.98181793415 -3.57611310864 -0.0653054513152 -0.98181793415 -3.57611310864
-0.253436962326 -0.91027093911 -4.25762738461 -0.253436962326 -0.91027093911 -4.25762738461
-0.171165944095 -1.17696985247 -3.21166595886 -0.169565247812 -1.02076348333 -3.18220766616
-0.347726224324 -0.925862172019 1.71476764135 -0.413887793446 -1.06504990516 1.74777153048
-0.457216426452 0.373702602536 0.29414703343 -0.457216426452 0.373702602536 0.29414703343
-1.87544315741 -1.88821019206 -3.57985222894 -1.87544315741 -1.88821019206 -3.57985222894
-0.0681482366131 -1.63139023521 -10.7356792349 -0.0681482366131 -1.63139023521 -10.7356792349
0.929171344039 0.411210827753 -1.38087435036 0.929171344039 0.411210827753 -1.38087435036
0.505431876479 0.970672158069 -2.91441133863 0.460917037398 1.31263240248 -2.87547606376
0.199390792992 -0.365085462786 0.383848539877 0.199390792992 -0.365085462786 0.383848539877
-0.408082340879 0.484241216016 4.90538082179 -0.408082340879 0.484241216016 4.90538082179
2.1238264049 1.05845628385 -2.45146358031 2.1238264049 1.05845628385 -2.45146358031
2.6249060999 -1.28173991939 2.92223165069 2.6249060999 -1.28173991939 2.92223165069
0.291294525842 0.832046377496 1.49446728321 0.291294525842 0.832046377496 1.49446728321
-1.20081045649 0.45871356425 4.62596288813 -1.20081045649 0.45871356425 4.62596288813
2.20509158825 0.69602395044 17.7380953882 2.20509158825 0.69602395044 17.7380953882
-0.0952722215037 -0.902863138052 1.05082362061 -0.0952722215037 -0.902863138052 1.05082362061
0.411612204195 0.892065725503 1.6148017693 0.411612204195 0.892065725503 1.6148017693
1.85365052184 1.04464142128 -0.936645110028 1.85365052184 1.04464142128 -0.936645110028
0.260891723484 0.566249496722 -8.61474560787 0.260891723484 0.566249496722 -8.61474560787
1.31827102541 0.615701136573 2.95309501882 1.31827102541 0.615701136573 2.95309501882
-1.3188320663 2.51626021133 -9.42614531498 -1.3188320663 2.51626021133 -9.42614531498
0.487941471477 1.02220412264 10.9282777393 0.487941471477 1.02220412264 10.9282777393
-1.1755497095 1.77041103372 -5.36697849025 -1.1755497095 1.77041103372 -5.36697849025
3.20711608583 0.0180750675169 -1.54453836182 3.20711608583 0.0180750675169 -1.54453836182
-1.67540213721 0.43269061812 -3.1687099008 -1.67540213721 0.43269061812 -3.1687099008
-1.92519200322 -0.394586565138 0.798774483942 -1.92519200322 -0.394586565138 0.798774483942
-1.22886782296 3.62314586693 -6.12537160619 -1.22886782296 3.62314586693 -6.12537160619
0.162381211315 -0.105942703617 4.99274292639 0.162381211315 -0.105942703617 4.99274292639
1.221314413 -0.700534767333 -3.62468474815 1.221314413 -0.700534767333 -3.62468474815
1.02621734163 -0.0290852175594 0.958819629457 1.02621734163 -0.0290852175594 0.958819629457
-1.51203172522 0.0924617364158 4.32876492308 -1.51203172522 0.0924617364158 4.32876492308
0.522461978404 1.39030356927 6.43901521426 0.522461978404 1.39030356927 6.43901521426
-2.74925378007 -2.40451289241 2.32771850661 -2.74925378007 -2.40451289241 2.32771850661
-1.32791250892 2.21359907578 -4.21191719353 -1.32791250892 2.21359907578 -4.21191719353
0.168576437524 -1.04763590223 -0.299825101349 0.168576437524 -1.04763590223 -0.299825101349
1.4658865806 -0.82394532444 -2.87505694166 1.4658865806 -0.82394532444 -2.87505694166
-3.13400084132 0.987617582099 2.1609478665 -3.13400084132 0.987617582099 2.1609478665
0.989094050968 0.283709825684 -7.72473566257 0.989094050968 0.283709825684 -7.72473566257
0.854007018144 0.365283246993 8.7327488208 0.854007018144 0.365283246993 8.7327488208
-1.03131764677 0.292748854029 1.23129619979 -1.01851688863 0.127898367329 1.40888111363
-0.940168551125 0.423972554701 -3.5180997647 -0.940168551125 0.423972554701 -3.5180997647
1.03505929554 1.12429176731 1.7112780809 1.03505929554 1.12429176731 1.7112780809
-0.849296531066 0.331995869451 5.2371217165 -0.849296531066 0.331995869451 5.2371217165
0.39355102864 -0.270181694838 7.85426532094 0.39355102864 -0.270181694838 7.85426532094
0.707839480416 -0.931751687635 7.13647420901 0.707839480416 -0.931751687635 7.13647420901
-1.50986271396 1.42642132689 4.01645065904 -1.50986271396 1.42642132689 4.01645065904
-0.64378947849 -0.928008061189 -4.59536150455 -0.64378947849 -0.928008061189 -4.59536150455
2.37800921802 0.625916623057 2.3576819953 2.37800921802 0.625916623057 2.3576819953
-1.19897549506 -1.848199836 -0.412909105421 -1.19897549506 -1.848199836 -0.412909105421
2.02125463635 -0.236583795027 -2.91385015307 2.02125463635 -0.236583795027 -2.91385015307
0.647287546458 -0.612382904018 -1.30313892653 0.647287546458 -0.612382904018 -1.30313892653
1.88529984899 0.400543743763 -5.02022481655 1.88529984899 0.400543743763 -5.02022481655
-0.432274006732 -1.40039205791 -0.378612901572 -0.432274006732 -1.40039205791 -0.378612901572
0.401459186554 1.80944404743 -7.34168258893 0.401459186554 1.80944404743 -7.34168258893
1.76523254899 0.362056555695 -4.24364700232 1.76523254899 0.362056555695 -4.24364700232
1.0320671775 1.19088487564 0.863990546603 1.0320671775 1.19088487564 0.863990546603
0.13628642512 -0.0658010426323 -1.38219953714 0.205957043946 0.127025520218 -1.3886708206
1.69709148171 1.25241915385 0.367479901278 1.69709148171 1.25241915385 0.367479901278
-1.99028373557 -1.5202978225 0.0924452158689 -1.99028373557 -1.5202978225 0.0924452158689
-0.446272209487 1.27889514273 3.18103638086 -0.446272209487 1.27889514273 3.18103638086
-1.68879335943 0.0231460211464 -1.68812367872 -1.68879335943 0.0231460211464 -1.68812367872
1.01320195869 0.0268772668082 1.08206754041 1.01320195869 0.0268772668082 1.08206754041
1.5583646488 0.302787124208 -5.12608483127 1.5583646488 0.302787124208 -5.12608483127
-2.3904410892 -0.0529360139612 -6.09403308037 -2.3904410892 -0.0529360139612 -6.09403308037
0.681344116905 -1.83895067425 -1.33512201744 0.613052453004 -1.65015737812 -1.30754215669
1.81218654372 0.477381162995 -6.42504179465 1.81218654372 0.477381162995 -6.42504179465
-1.59794553221 2.66907880712 -2.98760927833 -1.59794553221 2.66907880712 -2.98760927833
-2.56941742403 -0.0808863398886 -0.166913186757 -2.56941742403 -0.0808863398886 -0.166913186757
0.958942574432 -0.352794343274 -2.89347743642 0.958942574432 -0.352794343274 -2.89347743642
-0.524093570499 -1.24435674019 2.33117647642 -0.524093570499 -1.24435674019 2.33117647642
-0.892133240305 0.666309532677 -2.58341123432 -1.13159351614 0.787065677958 -2.53485860101
-1.58101047398 -0.191829207149 -7.83534661691 -1.58101047398 -0.191829207149 -7.83534661691
1.9004016639 2.27702412891 4.28932471682 1.9004016639 2.27702412891 4.28932471682
-0.269155038762 1.48268215436 -2.07239937352 -0.269155038762 1.48268215436 -2.07239937352
0.704937632166 -0.291426348487 -5.79769376324 0.704937632166 -0.291426348487 -5.79769376324
-0.339723619832 -1.77857742993 6.86116685801 -0.339723619832 -1.77857742993 6.86116685801
0.801395140286 -0.572938984786 7.34295279853 0.801395140286 -0.572938984786 7.34295279853
1.04453562783 -0.812675479612 1.4645014175 1.04453562783 -0.812675479612 1.4645014175
0.356720590393 -1.09975651713 1.88725450666 0.356720590393 -1.09975651713 1.88725450666
0.563363573441 -0.203417382717 1.05220173493 0.563363573441 -0.203417382717 1.05220173493
0.1699238262 0.392240035313 4.16337669333 0.1699238262 0.392240035313 4.16337669333
-0.326369316447 -0.731930319266 -8.2570178995 -0.326369316447 -0.731930319266 -8.2570178995
-2.02725245078 -0.768977703195 -8.41635420318 -2.02725245078 -0.768977703195 -8.41635420318
-0.390349994358 -0.390346962088 0.259807267875 -0.390349994358 -0.390346962088 0.259807267875
0.418902354236 -2.11759825617 -3.90895630665 0.418902354236 -2.11759825617 -3.90895630665
0.418041763803 0.472002754533 0.699593700898 0.418041763803 0.472002754533 0.699593700898
2.86246097632 -1.21509588562 0.885610113661 2.90601370102 -1.1974441425 0.790329973393
0.791354957222 0.267759156056 -0.134461070369 0.610959382329 0.233151677264 -0.2245948454
1.21238444278 -0.121492864749 -7.67737226892 1.21238444278 -0.121492864749 -7.67737226892
0.370673688413 0.302689631226 2.29475632406 0.370673688413 0.302689631226 2.29475632406
-0.104217180774 -0.757934646266 -4.08043164451 -0.104217180774 -0.757934646266 -4.08043164451
2.04799832056 0.806384189476 -1.33071884462 2.04799832056 0.806384189476 -1.33071884462
-2.07178665859 2.11499049465 11.362344446 -2.07178665859 2.11499049465 11.362344446
-0.061928348503 0.7692319579 -0.845955353994 0.149011656647 0.884345306163 -0.747815395082
-1.84474253858 2.66409922301 0.691553647567 -1.84474253858 2.66409922301 0.691553647567
-0.490918511792 1.14853762346 7.21422780465 -0.490918511792 1.14853762346 7.21422780465
1.14241814614 1.52908170805 2.17912357809 1.14241814614 1.52908170805 2.17912357809
0.793005584366 -1.91111512261 -0.193155092046 0.793005584366 -1.91111512261 -0.193155092046
0.314445905344 -0.678541941867 1.98835836963 0.314445905344 -0.678541941867 1.98835836963
1.00733296287 1.60481525723 -6.83574022161 1.00733296287 1.60481525723 -6.83574022161
0.636786705029 2.67570912404 -3.79018780752 0.636786705029 2.67570912404 -3.79018780752
0.149011656647 0.884345306163 -0.747815395082 -0.061928348503 0.7692319579 -0.845955353994
0.83096901858 -0.670169925793 -8.27358200987 0.83096901858 -0.670169925793 -8.27358200987
1.43616677468 0.706047803728 6.26965845462 1.43616677468 0.706047803728 6.26965845462
-0.36458896945 1.4333769468 -0.320322960523 -0.36458896945 1.4333769468 -0.320322960523
-0.395557871349 2.69361319077 -4.77937565653 -0.395557871349 2.69361319077 -4.77937565653
0.0384621988222 0.170543255978 -1.91743963693 -0.0425376694581 -0.04233143808 -1.61963325428
0.173724827961 -0.850656847095 -7.85241185575 0.173724827961 -0.850656847095 -7.85241185575
0.807419104825 -0.139882273652 1.4631182744 0.807419104825 -0.139882273652 1.4631182744
1.37810738148 -2.43449390177 2.85691990529 1.37810738148 -2.43449390177 2.85691990529
0.301619772734 0.388996550457 6.96045187894 0.301619772734 0.388996550457 6.96045187894
0.581415669927 -0.563374473614 3.02361942426 0.587124359972 -0.312143122484 2.92832961468
1.66152650322 -0.632950929531 -0.488088236462 1.66152650322 -0.632950929531 -0.488088236462
1.2981560157 -0.385945758662 -1.94774710044 0.921775734262 -0.409934756072 -1.96117127955
-1.06182038812 -0.137094104972 -0.514274149884 -1.06182038812 -0.137094104972 -0.514274149884
-0.783562419051 -1.3792530868 -4.6568450115 -0.957210205068 -1.44739222277 -4.73901734981
0.72381889989 0.237463069101 -8.01046346798 0.72381889989 0.237463069101 -8.01046346798
1.62533178138 1.03127556794 4.37119488992 1.62533178138 1.03127556794 4.37119488992
-0.0720370193044 -1.16510754185 -3.90316474762 -0.0720370193044 -1.16510754185 -3.90316474762
-0.467953864543 0.70550663418 6.87920891059 -0.467953864543 0.70550663418 6.87920891059
0.432368120811 0.0215098486555 -2.48028971458 0.432368120811 0.0215098486555 -2.48028971458
0.154438173461 -1.74712270334 3.24527277578 0.154438173461 -1.74712270334 3.24527277578
0.2227678145 -1.14840967536 -3.46027031574 0.2227678145 -1.14840967536 -3.46027031574
-0.743481952076 0.769380226397 2.17697327421 -0.743481952076 0.769380226397 2.17697327421
-1.53841786486 -0.692755251513 4.28541632073 -1.59127257266 -0.84398029262 4.46086401372
0.536140472462 -0.935494355773 1.21333464402 0.366146530206 -0.790453965769 1.10544731545
-0.645948616736 -1.90676110454 3.03645540557 -0.645948616736 -1.90676110454 3.03645540557
0.0795289985132 1.25174192764 4.47039026907 -0.0177886154438 1.17360187863 4.3683452606
1.48471382515 0.0170352204115 5.3757855003 1.48471382515 0.0170352204115 5.3757855003
-3.03173812829 -0.837089328938 0.67957886507 -3.03173812829 -0.837089328938 0.67957886507
0.104332632364 1.15394976523 2.41625584327 0.104332632364 1.15394976523 2.41625584327
-1.51189983238 -0.715559763504 -9.89109609156 -1.51189983238 -0.715559763504 -9.89109609156
-1.18650401798 0.669780012751 9.43150780963 -1.18650401798 0.669780012751 9.43150780963
0.829416913636 1.91498532088 -2.97140160588 0.829416913636 1.91498532088 -2.97140160588
0.99349428299 -0.135541234289 6.05745965493 0.99349428299 -0.135541234289 6.05745965493
0.526908779738 -1.59233108457 2.97586292131 0.526908779738 -1.59233108457 2.97586292131
0.0378732278625 0.954781670757 -0.90867921407 0.0378732278625 0.954781670757 -0.90867921407
-0.730631675969 0.778915374746 0.0819488621651 -0.730631675969 0.778915374746 0.0819488621651
-0.993729401636 0.687856414286 12.0395797092 -0.993729401636 0.687856414286 12.0395797092
1.55047955012 -0.616181044404 6.18942719083 1.55047955012 -0.616181044404 6.18942719083
0.924792944628 -1.13983440558 -3.34631264123 0.924792944628 -1.13983440558 -3.34631264123
1.27103880058 -0.0598935092673 -3.56817175359 1.27103880058 -0.0598935092673 -3.56817175359
-0.316570534553 1.3495024614 1.93519888399 -0.316570534553 1.3495024614 1.93519888399
-0.235185441124 1.23556821658 3.68298049785 -0.235185441124 1.23556821658 3.68298049785
-0.717516478936 0.141280032975 5.19779963985 -0.717516478936 0.141280032975 5.19779963985
-1.04954473637 1.05333491091 1.74429505506 -1.04954473637 1.05333491091 1.74429505506
-0.310802997454 -2.03564832345 0.0439062606041 -0.310802997454 -2.03564832345 0.0439062606041
0.356328277911 -1.00672713206 3.01795414954 0.356328277911 -1.00672713206 3.01795414954
0.210050665554 0.558737159093 0.289589589071 0.210050665554 0.558737159093 0.289589589071
1.86117956834 1.05502261189 6.29577919328 1.86117956834 1.05502261189 6.29577919328
-1.21168064417 1.94808486036 2.52822146441 -1.21168064417 1.94808486036 2.52822146441
-0.724660942816 -1.03835785109 1.24377149057 -0.724660942816 -1.03835785109 1.24377149057
0.0106947980077 -0.141797865985 -1.30626052734 -0.0765280963393 -0.186066794159 -1.23762958252
-0.957879465129 1.14983249478 -5.67936249782 -0.957879465129 1.14983249478 -5.67936249782
-1.47776145028 1.23347416723 -3.35962053528 -1.47776145028 1.23347416723 -3.35962053528
-1.07110020035 0.776170016612 -0.749290850922 -1.07110020035 0.776170016612 -0.749290850922
-0.91962079069 -1.97938353973 0.716228597988 -1.10782304804 -1.92381553515 0.636634306643
-0.731650336486 2.41322501187 4.48180618465 -0.731650336486 2.41322501187 4.48180618465
1.07595951695 -0.538149626937 0.665475123315 1.12418221182 -0.352244711433 0.762184423098
0.20893339683 1.39928714237 -5.80584376926 0.20893339683 1.39928714237 -5.80584376926
0.81528206382 1.36998496425 2.44812678766 0.777660195192 1.33752006346 2.5545128286
-2.03165063745 1.90478452711 3.87538256271 -1.95276133895 1.8532704424 3.69820767903
1.07779243534 -0.648462076876 -8.50978944514 1.07779243534 -0.648462076876 -8.50978944514
0.54810602537 1.4098274923 -4.65508615238 0.574964175851 1.27739183058 -4.60023345215
1.33485215938 0.196850681011 0.472665105469 1.33485215938 0.196850681011 0.472665105469
0.0822925648848 -1.31698661693 2.51974792968 0.0822925648848 -1.31698661693 2.51974792968
0.3930576397 0.101757618997 0.941976687745 0.449891443258 0.34969128876 0.744570621797
-1.05759940599 0.589995259079 1.6268283408 -1.05759940599 0.589995259079 1.6268283408
-1.37572176687 -0.0502354060382 11.4388062753 -1.37572176687 -0.0502354060382 11.4388062753
0.959049978439 0.493685480366 -6.50504544516 0.959049978439 0.493685480366 -6.50504544516
-0.0641455249134 -0.0124820845923 -2.58767366031 -0.191172509487 -0.231434504724 -2.70031731862
0.475275967521 -3.31558323337 2.00457751517 0.475275967521 -3.31558323337 2.00457751517
-0.94149241531 -1.08519304539 1.191638166 -0.94149241531 -1.08519304539 1.191638166
-2.38381782113 0.0120454976035 13.1284995387 -2.38381782113 0.0120454976035 13.1284995387
0.532214583816 0.0495496393562 -1.79337887583 0.532214583816 0.0495496393562 -1.79337887583
1.63692947136 -1.26961800826 4.66779801405 1.63692947136 -1.26961800826 4.66779801405
0.329736331274 -0.185689410613 -0.59092177482 0.329736331274 -0.185689410613 -0.59092177482
1.32498960243 -0.954679183095 -11.8206524244 1.32498960243 -0.954679183095 -11.8206524244
1.41192858077 0.773235847612 -4.32629164479 1.41192858077 0.773235847612 -4.32629164479
1.50980138672 -0.605872723957 -3.47765394301 1.50980138672 -0.605872723957 -3.47765394301
-1.10039935277 1.0259269467 -3.76503543178 -1.10039935277 1.0259269467 -3.76503543178
-2.56861803822 -1.05958187272 -10.0952938049 -2.56861803822 -1.05958187272 -10.0952938049
-0.847477794751 -2.8117585056 -2.99366377974 -0.847477794751 -2.8117585056 -2.99366377974
0.684782455155 1.6760760157 5.8171109906 0.684782455155 1.6760760157 5.8171109906
-1.61556725025 -0.986064473215 -6.54752506422 -1.61556725025 -0.986064473215 -6.54752506422
1.32143434509 0.105928556921 0.874278298461 1.32143434509 0.105928556921 0.874278298461
-1.85710525109 0.43667160996 -7.20332321471 -1.85710525109 0.43667160996 -7.20332321471
0.585650759762 -0.185102941233 0.890629157906 0.30343309515 -0.203611677894 0.801648164407
-1.56034960739 -1.83133693769 3.70264153183 -1.56034960739 -1.83133693769 3.70264153183
0.0158424121836 0.747567139028 -5.4288354074 0.0158424121836 0.747567139028 -5.4288354074
0.33461570355 0.270268700655 3.3940168213 0.33461570355 0.270268700655 3.3940168213
1.70838957514 -0.811475921711 -9.27999402604 1.70838957514 -0.811475921711 -9.27999402604
-0.132972376968 -2.22695084116 -2.79539587304 -0.132972376968 -2.22695084116 -2.79539587304
0.0243128711641 -1.61386975999 1.03716570664 0.0243128711641 -1.61386975999 1.03716570664
-1.22964484128 -0.667101878941 0.402484968429 -1.22964484128 -0.667101878941 0.402484968429
0.28789021027 0.459548413905 1.75036139176 0.334727174544 0.317763237557 1.62428926207
-0.362372830218 0.573526004053 -0.473132777064 -0.362372830218 0.573526004053 -0.473132777064
0.283130083705 -1.56410262754 3.01193307826 0.283130083705 -1.56410262754 3.01193307826
-0.725057105167 -0.765413718354 -6.40122771992 -0.725057105167 -0.765413718354 -6.40122771992
0.855005128875 0.263964945296 -2.96455790664 0.855005128875 0.263964945296 -2.96455790664
-2.30956889207 -2.33204209912 -11.0757732369 -2.30956889207 -2.33204209912 -11.0757732369
-0.957991229705 -1.21157254215 1.44287883664 -0.957991229705 -1.21157254215 1.44287883664
-0.396487672035 0.458460744685 -5.43150296049 -0.166563842481 0.475145811969 -5.59158916149
-0.221549454497 -0.229966915372 4.79861225679 -0.221549454497 -0.229966915372 4.79861225679
-0.635150043762 1.32431261911 -1.52042576371 -0.635150043762 1.32431261911 -1.52042576371
-0.614467926263 -0.349159795729 -2.76384547649 -0.614467926263 -0.349159795729 -2.76384547649
0.252281218397 0.486105973662 -7.62163243865 0.252281218397 0.486105973662 -7.62163243865
-1.7098375241 -1.50569691373 -2.65353418973 -1.7098375241 -1.50569691373 -2.65353418973
-1.41569274635 -1.45135649995 -3.25896266562 -1.41569274635 -1.45135649995 -3.25896266562
0.421987347217 1.09318829433 -2.9218312414 0.505431876479 0.970672158069 -2.91441133863
0.344120301881 1.19371645796 -2.88203907299 0.344120301881 1.19371645796 -2.88203907299
