0.0761778587853 -0.452392237698 -0.844795495434 0.35962465092 -0.142520398219 -2.21828998502
-0.676924790793 2.00828303048 0.313008247012 -0.497680840479 1.91471652474 -0.125816440748
0.895599121802 0.240898075771 0.464447252914 0.640310065061 0.309614446974 0.039505067045
-0.34762615296 1.13716555017 0.0734884419448 -0.223412792533 0.978238568716 0.60141928328
-0.169449263759 -0.998014922397 0.858695777078 -0.537065219784 -0.172532059165 0.969428482479
-2.22349731959 -1.07045038924 4.17654468757 -2.22349731959 -1.07045038924 4.17654468757
0.392524611312 -0.14854223476 0.509407484431 0.581387946771 0.406880745083 0.492993884227
0.504484718997 -0.646369542253 -0.294982135987 0.63624097455 -0.634601907452 -0.0177298423006
-3.67523225644 2.25395827794 -2.6706603603 -3.67523225644 2.25395827794 -2.6706603603
0.586322452377 -0.687490758482 -0.669851318463 0.586322452377 -0.687490758482 -0.669851318463
3.64592907247 2.99654772307 0.202726636981 3.64592907247 2.99654772307 0.202726636981
-0.993466270292 0.580996467477 -1.20203483008 -1.04852166647 0.321964106724 -0.918557791249
-2.28261373244 2.05124725748 -1.40780343223 -2.28261373244 2.05124725748 -1.40780343223
0.745160997096 -0.0641517261726 -0.341950740309 1.07095214648 0.174914773862 -0.0733660002744
1.24353486228 0.896470765075 -0.09362628073 1.21241341202 0.511181818648 -0.366236727969
1.2607146099 0.263631500238 0.282311914975 0.615760155887 0.195399844921 0.862854968563
0.127838563416 -0.586800320325 1.6190320906 0.124268374952 -0.352808666385 0.844856168547
-2.18819246952 -2.25004936967 -0.208215419714 -2.18819246952 -2.25004936967 -0.208215419714
0.35962465092 -0.142520398219 -2.21828998502 0.620030659208 0.320605726726 -1.64459490147
-0.638509878946 -1.23447428786 -0.509126805369 0.292359369183 -0.906523078907 0.436437854772
-4.16785177263 1.24151765341 0.157734693839 -4.16785177263 1.24151765341 0.157734693839
-0.584310455854 -0.581398349519 -0.82497200425 -0.435563901847 -0.129689938979 -1.04290085359
-0.1615995243 0.259083952221 0.634168726984 -0.485722942465 0.103671460891 1.03329662357
0.301975926988 0.319699071975 -0.471630111426 0.699055066891 0.670014641091 -0.884416038568
0.50472813064 0.24654391802 -0.244406742788 0.0999974576041 -0.408144851638 -0.771054211617
-0.484290566852 0.75873162594 0.423275967969 -0.393151356626 1.87617808668 -0.0173655312214
-0.904180664312 0.179199401505 -0.423930648094 -0.8180151867 0.295259018392 -1.57269749334
-0.520728381537 0.47936696565 -1.05635104449 -0.39594271813 -0.565804369161 -1.72166890168
-1.47312344523 -0.287335995315 0.209013250059 -1.36739656152 -0.297993495044 -0.235758712417
-2.47027202632 2.57424684092 2.71895777783 -2.47027202632 2.57424684092 2.71895777783
-0.37115464211 -0.214448806783 -0.455308242905 -1.03207754432 -1.13494173052 0.145263770785
-0.119833421786 0.200926127957 -0.152666914223 0.0407989951466 0.440528405007 -0.102549969395
-1.63766502837 -0.726881365293 -0.444838651115 -1.0246577693 -0.106768671768 -0.840123647378
2.75709478231 -4.60094645943 2.37705542327 2.75709478231 -4.60094645943 2.37705542327
0.113565590449 0.207527086108 1.19388212853 0.479348481381 0.430812987574 0.784412942454
-0.853381335759 0.146274615471 -1.03490111152 -0.853381335759 0.146274615471 -1.03490111152
0.209442998432 0.199591860653 -0.0269004487436 -0.0642555283724 -0.24634444956 0.0455235248248
0.567055390446 0.61958903205 -0.196451280478 0.143707293515 0.604327064963 0.630128809404
-0.14113538105 1.85973443954 0.62004076993 -0.484290566852 0.75873162594 0.423275967969
-0.0561358429834 0.549718485631 0.523071655532 -0.109853234937 0.0446333289447 0.137815839889
0.292956263344 1.34752112882 -0.347259179328 0.734781567239 0.874405545724 0.0775009589698
-0.61462754942 0.412024020199 -0.335255038299 -0.645116922482 0.621537096162 -0.30733278963
0.573373183473 -1.14224176186 0.419803757739 1.39392985025 -1.61270604081 0.213890841572
0.986951455236 -0.533372341478 2.25064455 0.986951455236 -0.533372341478 2.25064455
0.608098542353 -0.462873232623 1.06907794473 0.562066283829 -0.742107314357 0.891623105123
-0.474554230409 -0.844679535584 0.987054075592 -0.0412201405389 -0.18167444504 -0.176027530891
-0.946449519927 0.68149652568 -1.53313172771 -0.946449519927 0.68149652568 -1.53313172771
1.36778496791 1.10967095383 0.349438744537 1.03466885701 1.17242537064 0.31821919052
0.00989177580895 0.361676497692 0.299440586121 -0.0376934553018 -0.588271813707 -0.639295045432
0.520789084451 1.17385736595 -0.128343720748 -0.256803149398 1.11617623557 -0.361872029477
-1.07462372443 -0.763151644524 0.176142974555 -0.443481386873 -0.711753042324 0.15934694149
-2.7704760713 -1.11074127724 -0.630007501544 -2.7704760713 -1.11074127724 -0.630007501544
2.89420107971 2.19133443209 -0.463531859762 2.89420107971 2.19133443209 -0.463531859762
1.59316356994 -0.968804454488 -4.89140277835 1.59316356994 -0.968804454488 -4.89140277835
1.19773737297 1.56320235432 0.18059033677 1.33957399844 1.390473952 0.383101566245
-0.461479702947 -0.685720731496 0.837297862649 -0.111320524041 -0.876428455354 0.842168418883
-0.538088610057 0.280195481884 -1.16053250492 -0.755637729817 0.277616048515 -1.47591274375
-0.0319183170392 0.780204226203 0.392189892189 0.431415302481 0.723053061445 0.5190278631
-1.17759063805 -1.99721251926 -0.50915960421 -1.17759063805 -1.99721251926 -0.50915960421
-0.39594271813 -0.565804369161 -1.72166890168 -0.538088610057 0.280195481884 -1.16053250492
-1.09393618307 2.32679899411 -2.8944805829 -1.87009096804 2.91076869373 -2.98704343534
0.264885716339 0.422536150253 1.83135556535 0.264885716339 0.422536150253 1.83135556535
-0.497703389636 -0.664053564245 -0.387889076431 -0.497703389636 -0.664053564245 -0.387889076431
1.6543534466 2.22706354932 -0.567546523418 1.6543534466 2.22706354932 -0.567546523418
0.124268374952 -0.352808666385 0.844856168547 0.0724727342827 -0.311643344207 0.678840128857
1.4614589745 -1.38796703253 0.945827126686 0.563063348075 -0.962294352468 0.56389972179
-0.814843681934 0.0561309262646 -1.1843651653 -0.861577510463 0.0505917944366 -0.526569957553
-0.418478417236 0.741733116473 0.925853521266 -0.100456842204 -0.217312523561 0.561815353028
0.796435887656 -0.546787079491 1.11594544666 1.03312884399 -0.612925265453 1.28403871937
0.743726220881 -0.195521439228 -0.0485718700369 0.00754125656907 0.395574275596 -0.364667308252
0.550703627437 1.71389035876 1.53159525776 0.550703627437 1.71389035876 1.53159525776
2.49057916031 2.06789138573 -2.59290267847 2.49057916031 2.06789138573 -2.59290267847
-3.64627266024 2.03526565826 -1.34207218204 -3.64627266024 2.03526565826 -1.34207218204
0.102878339714 0.583207949749 0.0123307094062 -0.0494161796571 0.299593452473 0.377515782034
1.50284664035 0.528224800433 0.761834724922 0.835592337847 0.591788312462 0.0402656523377
0.0230549088843 -0.643387996089 1.15126149688 0.522231593586 -0.106252541931 0.922201458815
0.522231593586 -0.106252541931 0.922201458815 0.147818183486 0.681085152805 0.858706522774
2.54844005044 -1.78150131134 0.676652373423 2.54844005044 -1.78150131134 0.676652373423
-0.0316079805126 -0.598611882922 -1.07300057976 -0.477821058408 -1.14140769105 -0.4409846731
-5.36072099307 2.28672810827 -0.399283506088 -5.36072099307 2.28672810827 -0.399283506088
2.11962404935 1.20737776102 1.30908589765 2.11962404935 1.20737776102 1.30908589765
0.390859745494 0.72354637183 -0.932410738449 0.390859745494 0.72354637183 -0.932410738449
3.05914379713 -2.77077533058 -3.12675637945 3.05914379713 -2.77077533058 -3.12675637945
-0.435563901847 -0.129689938979 -1.04290085359 -0.453851808609 -0.732395686837 -0.725065203793
0.674333201119 0.689444990043 0.234564981396 -0.0124946359475 0.515435828182 0.200217899137
-3.05498877152 -1.3740354771 -2.46608478067 -3.05498877152 -1.3740354771 -2.46608478067
3.20821654972 0.714069972512 0.62579536372 3.20821654972 0.714069972512 0.62579536372
1.05750306937 -0.385598045567 1.78125532284 1.09195416128 -1.04420264506 2.26189043031
0.798818966887 1.03836213723 0.437869325288 1.2607146099 0.263631500238 0.282311914975
-3.03837921945 0.431690702182 1.91713140698 -3.03837921945 0.431690702182 1.91713140698
-0.111320524041 -0.876428455354 0.842168418883 0.177133081571 0.502920105642 0.681178945688
0.365540824194 0.116547156448 -0.822098895877 0.657256548632 0.6406884648 -0.146215175133
-0.256803149398 1.11617623557 -0.361872029477 -0.709795632669 0.40635572892 0.169974024094
-0.07225327292 0.769062379289 -0.900949685005 -0.07225327292 0.769062379289 -0.900949685005
-1.19810683863 -0.301567779254 0.148633483948 -1.32227435334 -0.411744658488 -0.405529291055
-3.82254609024 1.13378042992 1.46295802908 -3.82254609024 1.13378042992 1.46295802908
-3.06382470948 3.66890203928 -0.164591258848 -3.06382470948 3.66890203928 -0.164591258848
0.821741896537 0.350960666811 0.115346250942 0.840063251874 0.621307336891 0.273650383988
0.657256548632 0.6406884648 -0.146215175133 0.565396163271 0.689980953856 -1.03409657236
-0.146153800746 0.269931494015 -3.1697649137 -0.570337673657 0.323245829302 -2.13599049768
0.11505338075 0.191794350374 -0.143339511249 0.389453674371 -0.417471427484 -0.0607977754938
0.620030659208 0.320605726726 -1.64459490147 -0.0861466745955 0.753157579832 -0.59090999528
1.01327675221 0.265307292315 -0.545710427714 1.62880462012 0.469249437027 0.00777144288378
3.0882638094 0.15667156448 -1.79982050973 3.0882638094 0.15667156448 -1.79982050973
0.581940099527 -0.363609940597 -0.341942747853 -0.620435195 -0.446014781719 -0.831164588435
0.288105161803 -0.480224541284 0.590455593829 0.392524611312 -0.14854223476 0.509407484431
-0.845512054057 -2.31888880834 -0.505807948346 -0.845512054057 -2.31888880834 -0.505807948346
0.0407989951466 0.440528405007 -0.102549969395 0.674333201119 0.689444990043 0.234564981396
0.389453674371 -0.417471427484 -0.0607977754938 0.262926569305 0.14982617726 -0.125882183365
-1.84488538603 -2.20248322632 -3.5875563584 -1.84488538603 -2.20248322632 -3.5875563584
0.580244450819 -0.648818265433 -0.22673443438 0.572921334852 0.137314133504 0.0800647669099
-0.0376934553018 -0.588271813707 -0.639295045432 -0.37115464211 -0.214448806783 -0.455308242905
1.43349058241 -0.363915969981 1.31602996144 0.914244682354 -0.770469670117 1.08230251309
-0.239194798144 -0.844749076542 0.179126132957 0.210762106385 -1.21256598939 0.633289096832
0.465181517675 -3.41171221184 0.85668372648 0.465181517675 -3.41171221184 0.85668372648
-0.0368711192667 0.405480693217 2.44407530961 -0.0849541651278 0.602501883681 2.54993167069
-0.0351752543186 1.65670784685 -0.0239914723685 -0.131989599638 1.27405373214 0.427599603254
-0.0494161796571 0.299593452473 0.377515782034 -0.320876389879 0.333335149703 0.19828819784
0.237660346177 -1.21440320363 0.697955263535 -0.169449263759 -0.998014922397 0.858695777078
2.0419256106 -1.89935648001 0.902556301873 2.0419256106 -1.89935648001 0.902556301873
0.0436454975967 0.318448995946 0.658023859289 0.895599121802 0.240898075771 0.464447252914
1.11434318189 -0.562844389524 1.30689368726 0.560625625348 -0.63948685512 0.465924109602
0.162655621832 -0.507186216214 0.351547311448 0.966777546403 -0.959637038342 -0.571004445969
-0.793861189092 0.233225650275 0.138722197661 -0.763410011956 0.258050902924 0.311287885154
-0.498483026685 0.0996348325545 1.10403323933 -0.782386412495 -0.561663062237 0.808684662991
-1.59693574124 3.92472069187 3.26627261984 -1.59693574124 3.92472069187 3.26627261984
-0.91233984706 -1.13397806873 1.14761601788 -0.369310698205 0.205568712754 1.62433991418
1.92753005383 -2.06222495037 -2.16450953162 1.92753005383 -2.06222495037 -2.16450953162
0.795083657518 0.6979925412 -0.921933872913 1.65993579988 0.733750604445 -1.35462630874
1.03466885701 1.17242537064 0.31821919052 0.857559876267 0.718459806694 -0.376505624631
-0.369310698205 0.205568712754 1.62433991418 -0.375894008395 -0.713065594662 1.50642313215
0.941517649854 -2.88934153725 1.83353749189 0.941517649854 -2.88934153725 1.83353749189
-5.33090541161 2.38817884262 1.16948521564 -5.33090541161 2.38817884262 1.16948521564
0.498526674513 0.218704527745 0.362466332754 0.334528951637 0.0125195635316 0.321145227636
-0.310245697534 -0.0306625097686 -0.405988982619 -0.310245697534 -0.0306625097686 -0.405988982619
1.97043730875 -0.663881663721 0.705333485907 1.97043730875 -0.663881663721 0.705333485907
0.974567131384 0.803333796171 0.0154273016934 1.24353486228 0.896470765075 -0.09362628073
-2.18808767323 2.65895255573 -1.83726781407 -2.18808767323 2.65895255573 -1.83726781407
0.835592337847 0.591788312462 0.0402656523377 0.0269292989142 0.942415730441 0.0330104106674
-0.0519115594077 -0.688350116224 0.849942943298 0.316799049226 -1.20847775284 1.12542744715
0.0572315348025 0.0837843113503 -0.48906912592 -0.0786129932633 -0.194882765957 -0.966790683413
-0.210761677941 -0.737591874507 -0.0853144105452 -0.239194798144 -0.844749076542 0.179126132957
-0.156076603328 1.0205155004 0.356031882798 -0.143444008623 0.685407338855 0.726415006942
-0.109020117463 -1.54136545445 0.535655020748 -0.109020117463 -1.54136545445 0.535655020748
0.431415302481 0.723053061445 0.5190278631 0.196830471403 0.53098264615 0.169079720731
0.0458898794415 0.381750394035 0.264702052022 -0.166072582438 0.417125978167 0.736360388947
0.00754125656907 0.395574275596 -0.364667308252 0.0325821467849 0.105280217923 -0.377987844273
-0.454792881625 -1.42885715167 0.385822910146 -0.210761677941 -0.737591874507 -0.0853144105452
0.953406653906 0.102869945998 0.675035631213 1.50284664035 0.528224800433 0.761834724922
1.65993579988 0.733750604445 -1.35462630874 1.60264858922 0.812889618094 -0.529820284508
0.502479304507 0.529487720529 -0.0126410405338 0.00130179460782 0.0714466411054 0.0646748236591
-0.0849541651278 0.602501883681 2.54993167069 -0.0368711192667 0.405480693217 2.44407530961
-0.134798603061 -0.912417551848 -0.402856820127 0.504484718997 -0.646369542253 -0.294982135987
0.563063348075 -0.962294352468 0.56389972179 0.676744860103 -0.335730450571 0.910160656854
0.790741932368 -1.00679509668 -0.0773235677968 0.883758277146 -0.302006243395 0.250938941057
0.00130179460782 0.0714466411054 0.0646748236591 -0.1615995243 0.259083952221 0.634168726984
0.316799049226 -1.20847775284 1.12542744715 0.582671656131 -0.475410211563 1.34086178357
-0.601810873399 -0.538231197859 -0.126105955506 0.446196733933 -0.703150776453 -0.269757088177
0.0310131728685 -0.749350522079 -0.0456194818146 0.573373183473 -1.14224176186 0.419803757739
-0.346761593976 1.27361778552 2.59696038976 -0.554559050644 1.00558342392 2.67741390479
1.33708244224 -2.08667995222 0.647924185243 1.33708244224 -2.08667995222 0.647924185243
1.49365599705 0.269738516117 0.434799751216 1.49365599705 0.269738516117 0.434799751216
-4.46060220109 -0.236888486607 1.39145666329 -4.46060220109 -0.236888486607 1.39145666329
0.296758517491 2.22250366265 2.25506167595 0.296758517491 2.22250366265 2.25506167595
0.202916893928 -1.11684093621 0.142616802285 -0.149558699847 -1.21665347329 0.215371063104
0.384437134088 0.12337711121 1.4735274201 0.451266256591 -0.485737714936 1.71574390755
2.11132894976 -2.51165763875 0.174554743208 2.11132894976 -2.51165763875 0.174554743208
-1.74301522984 0.87705222786 1.16612286359 -1.74301522984 0.87705222786 1.16612286359
-1.0166883024 -0.850090611109 -0.945057509451 -1.27844236622 -0.604350005099 -0.913408328791
1.83757407315 3.04250920148 -2.64174822537 1.83757407315 3.04250920148 -2.64174822537
1.33957399844 1.390473952 0.383101566245 1.19773737297 1.56320235432 0.18059033677
-2.35236552648 -4.79491596137 2.97182943066 -2.35236552648 -4.79491596137 2.97182943066
-0.477821058408 -1.14140769105 -0.4409846731 -0.230357780375 -0.9470759716 0.0731973360145
0.833278968766 -0.873125617486 -0.00596820410115 0.833278968766 -0.873125617486 -0.00596820410115
1.60141445608 0.0535214874617 -1.81959229055 1.60141445608 0.0535214874617 -1.81959229055
0.243293634094 -0.111931803934 -0.0335692687651 0.743726220881 -0.195521439228 -0.0485718700369
-0.645116922482 0.621537096162 -0.30733278963 0.404098719359 0.376837248849 -1.21501886603
-0.457510457189 -0.323864251459 0.320240468046 -0.34192892464 0.686242028634 1.03843794391
0.699055066891 0.670014641091 -0.884416038568 0.301975926988 0.319699071975 -0.471630111426
4.07905204833 -3.65647609831 0.591750018467 4.07905204833 -3.65647609831 0.591750018467
-4.08638584889 0.705932902661 -0.209025849483 -3.72820684516 1.02972113436 0.185582861638
-1.36843930565 -4.10442184912 5.93089114893 -1.36843930565 -4.10442184912 5.93089114893
-0.485722942465 0.103671460891 1.03329662357 -0.498483026685 0.0996348325545 1.10403323933
-0.34192892464 0.686242028634 1.03843794391 -0.0319183170392 0.780204226203 0.392189892189
0.866508984658 0.08378273948 -0.562491207326 0.89090702766 -0.160349815306 -0.520357518762
0.562066283829 -0.742107314357 0.891623105123 0.608098542353 -0.462873232623 1.06907794473
-0.688869032701 -0.88597581596 1.40909854078 -0.474554230409 -0.844679535584 0.987054075592
0.513898017749 -1.81622211588 0.419608271072 0.777985187005 -1.52202075259 -0.0517433523733
0.222180970432 0.439357347309 -0.659495449553 0.102878339714 0.583207949749 0.0123307094062
1.00243892755 0.353307848308 -0.539311519341 1.01327675221 0.265307292315 -0.545710427714
0.3938157486 2.00729414147 1.00375163685 0.3938157486 2.00729414147 1.00375163685
-3.72820684516 1.02972113436 0.185582861638 -4.08638584889 0.705932902661 -0.209025849483
-1.27620049868 0.366991714066 -0.295650835753 -1.07513110145 -0.123934002117 0.306187463255
0.773382411943 1.1797109832 0.392041888463 0.548990923421 0.0657119109663 0.854311075684
-3.27159613294 2.29400727763 -2.46303562205 -3.27159613294 2.29400727763 -2.46303562205
-1.07513110145 -0.123934002117 0.306187463255 -0.981761428639 -1.11869107594 1.34863773694
-0.755637729817 0.277616048515 -1.47591274375 -0.814843681934 0.0561309262646 -1.1843651653
0.454517410392 0.436204144377 -0.638756397298 1.00243892755 0.353307848308 -0.539311519341
-0.0302351083287 -0.141821940657 -0.858596753431 -0.617906554848 -0.529070240271 -0.290582868224
-0.230357780375 -0.9470759716 0.0731973360145 -0.601810873399 -0.538231197859 -0.126105955506
1.0332680147 -3.70016997883 -0.66198011535 1.0332680147 -3.70016997883 -0.66198011535
-0.782386412495 -0.561663062237 0.808684662991 -0.776106334834 -0.0245587278238 1.60490950558
3.04548564852 -1.46764673023 -3.08728709344 2.77204594928 -1.65457748957 -3.22316751788
0.178649248662 -0.181790069277 0.44959871651 0.0572315348025 0.0837843113503 -0.48906912592
0.873248184544 -1.15884097396 3.12151437399 0.873248184544 -1.15884097396 3.12151437399
-0.143444008623 0.685407338855 0.726415006942 0.574265491359 0.918158587897 0.800780319715
0.883758277146 -0.302006243395 0.250938941057 1.75057704934 0.110050777305 0.987591527003
1.39392985025 -1.61270604081 0.213890841572 1.4614589745 -1.38796703253 0.945827126686
0.402572083293 -0.203082600027 0.895162053768 0.162655621832 -0.507186216214 0.351547311448
0.196830471403 0.53098264615 0.169079720731 0.821741896537 0.350960666811 0.115346250942
-0.570337673657 0.323245829302 -2.13599049768 -0.188495071097 0.0606953214463 -2.78150536791
-0.336521622321 -1.20398442316 -0.942067945712 -0.304631336411 -1.29992546923 -0.933490159828
0.292359369183 -0.906523078907 0.436437854772 0.257031078022 -1.12438697582 0.757742719515
1.83903882398 1.98252868164 0.0601419342311 1.83903882398 1.98252868164 0.0601419342311
-0.552780922583 0.692378195909 -1.03477198136 -0.904180664312 0.179199401505 -0.423930648094
0.869001955188 0.125142883913 0.117190198207 0.647265642686 0.377009649201 -0.392249841611
0.490614725386 -0.954558425289 0.00894554658931 0.525192618033 -0.936109903609 -0.230366454641
0.717629743848 0.583213790071 -0.876947897278 0.146036097195 -0.121903175485 -0.544359357039
-0.11441484784 -0.0465677048125 -0.02368409407 -0.346745639678 -0.051899604547 -0.0188046727563
-1.34955707028 0.710689564643 -0.507686710046 -1.07451066485 0.143929282525 -0.945782516877
2.66684973039 -0.694700507918 0.567276900844 2.66684973039 -0.694700507918 0.567276900844
1.05337442411 -1.10047565886 0.254861495954 0.850819470115 -0.550498074022 0.516570200581
-0.991161722388 -1.68021276455 -1.07885031966 -0.638509878946 -1.23447428786 -0.509126805369
0.581387946771 0.406880745083 0.492993884227 0.498526674513 0.218704527745 0.362466332754
-0.617906554848 -0.529070240271 -0.290582868224 -0.79047857317 -0.232156565747 -0.240741742238
-0.650291228587 -3.72386922795 -4.25885334053 -0.650291228587 -3.72386922795 -4.25885334053
-2.50542011921 0.279534577801 -2.61764837488 -2.38987581007 0.571852943374 -3.36488165176
0.404449018276 0.00899141795796 1.3710978012 0.402572083293 -0.203082600027 0.895162053768
-1.5083556635 -0.751454188924 -1.02747132501 -1.0166883024 -0.850090611109 -0.945057509451
0.177133081571 0.502920105642 0.681178945688 0.00989177580895 0.361676497692 0.299440586121
-1.32227435334 -0.411744658488 -0.405529291055 -1.47312344523 -0.287335995315 0.209013250059
-0.131989599638 1.27405373214 0.427599603254 0.364059687714 1.19762509299 0.446377262935
1.01373643236 0.652280651332 -1.03605643056 1.48698316257 0.607678554232 -0.307877014394
-0.310111656923 0.142672607879 0.0279517986039 -0.111279187881 0.309698709476 0.515246659796
0.381424263041 0.277802187202 -0.110892803221 -0.119833421786 0.200926127957 -0.152666914223
1.09195416128 -1.04420264506 2.26189043031 1.05750306937 -0.385598045567 1.78125532284
-1.36739656152 -0.297993495044 -0.235758712417 -0.61462754942 0.412024020199 -0.335255038299
-0.397321831856 -0.135992941844 2.28375795338 0.449715079142 -0.0880976710844 2.42170695288
3.13362135347 1.31259304162 -1.19348949332 3.13362135347 1.31259304162 -1.19348949332
-0.944590055802 -0.707340586332 0.738432361639 -0.91233984706 -1.13397806873 1.14761601788
-0.709795632669 0.40635572892 0.169974024094 -0.793861189092 0.233225650275 0.138722197661
-0.188495071097 0.0606953214463 -2.78150536791 -0.146153800746 0.269931494015 -3.1697649137
-0.0642555283724 -0.24634444956 0.0455235248248 -0.310111656923 0.142672607879 0.0279517986039
-0.972379002321 2.02639785851 -1.94378810732 -0.972379002321 2.02639785851 -1.94378810732
0.446196733933 -0.703150776453 -0.269757088177 0.581940099527 -0.363609940597 -0.341942747853
-0.303407471707 0.341409645825 -5.33057163737 -0.303407471707 0.341409645825 -5.33057163737
0.143707293515 0.604327064963 0.630128809404 0.0121270462923 -0.321674362355 0.98378883716
1.22596685678 -4.46236519312 2.52448374493 1.22596685678 -4.46236519312 2.52448374493
0.0338560727172 0.121514837718 0.322583554837 0.735552651805 0.0603694124842 0.376391112231
-0.25760195117 -0.0430794009111 0.357304047593 0.0436454975967 0.318448995946 0.658023859289
1.08747871642 -4.20714738514 2.18133192141 1.08747871642 -4.20714738514 2.18133192141
1.46316335471 -2.23056481674 3.29302211887 1.46316335471 -2.23056481674 3.29302211887
0.0487622685068 -0.190722530619 1.41643956136 0.46874376397 -0.299987511795 1.49778149372
0.850819470115 -0.550498074022 0.516570200581 1.04191895843 -0.0545548867785 0.387220560784
0.145659644693 0.494337585336 0.70185433247 0.288105161803 -0.480224541284 0.590455593829
-0.149558699847 -1.21665347329 0.215371063104 0.580244450819 -0.648818265433 -0.22673443438
-0.808325046834 1.04388057203 -0.671516884496 0.520789084451 1.17385736595 -0.128343720748
1.31643122437 0.784397430237 0.134082485278 1.69816536786 0.588232169892 0.313764669477
0.364059687714 1.19762509299 0.446377262935 0.840513990827 1.32554594677 0.42658060922
1.32622330485 1.66135435306 -0.10379855875 1.32622330485 1.66135435306 -0.10379855875
0.606919346722 4.38456956835 1.00860319318 0.239721752684 4.21991828569 0.408620926822
0.744809401147 1.20660338701 -0.199369049634 1.01373643236 0.652280651332 -1.03605643056
-0.443481386873 -0.711753042324 0.15934694149 -1.07462372443 -0.763151644524 0.176142974555
1.19648981942 3.1892872041 -2.63943586382 1.86682324348 3.11564674646 -2.27196221137
1.00333198225 0.617400234542 -0.0502420289099 0.825280133955 1.11301319646 -0.8355257697
0.706736770189 -1.76192000654 2.54248065193 0.706736770189 -1.76192000654 2.54248065193
-0.49533556816 -0.00730155983597 -0.827021374765 -1.3229379188 0.281346756951 -0.120137899929
-0.620435195 -0.446014781719 -0.831164588435 -1.5083556635 -0.751454188924 -1.02747132501
-0.53699482944 -0.154210181503 -0.77018953175 -0.0316079805126 -0.598611882922 -1.07300057976
0.239721752684 4.21991828569 0.408620926822 0.606919346722 4.38456956835 1.00860319318
-0.763410011956 0.258050902924 0.311287885154 -1.27620049868 0.366991714066 -0.295650835753
-0.130563117819 1.45038115107 -0.721313472034 -0.808325046834 1.04388057203 -0.671516884496
-1.53680396051 1.841733249 2.25964118594 -1.53680396051 1.841733249 2.25964118594
-0.320876389879 0.333335149703 0.19828819784 -0.11441484784 -0.0465677048125 -0.02368409407
1.21241341202 0.511181818648 -0.366236727969 0.702524453612 1.04985088048 -0.635270796897
-0.719468419456 -0.437387345081 0.419050384297 -0.498744966861 -0.513184708658 -0.0850317952324
0.262926569305 0.14982617726 -0.125882183365 0.365540824194 0.116547156448 -0.822098895877
-0.107719885406 -0.374560521308 -0.446683029943 0.643596449653 -0.806215625822 -1.00259501533
-1.53377169811 -0.389116460397 -2.91691049797 -1.53377169811 -0.389116460397 -2.91691049797
-0.805799004103 -0.460734998842 0.385766980934 0.15966646097 -0.0812956823842 0.344210228418
-2.48292931388 3.4510057631 -8.24468546899 -2.48292931388 3.4510057631 -8.24468546899
0.702524453612 1.04985088048 -0.635270796897 0.795083657518 0.6979925412 -0.921933872913
-0.654012566363 -0.456310442022 -0.850547230054 -0.0302351083287 -0.141821940657 -0.858596753431
0.89090702766 -0.160349815306 -0.520357518762 1.21903647114 -0.218425048312 -0.698193219933
-0.375894008395 -0.713065594662 1.50642313215 -0.37873472868 -0.424678585599 1.50140199229
0.248183965606 3.18852114884 3.87211085437 0.248183965606 3.18852114884 3.87211085437
-0.554559050644 1.00558342392 2.67741390479 -0.346761593976 1.27361778552 2.59696038976
-0.0668726557679 -0.754258558645 2.73871318315 -0.397321831856 -0.135992941844 2.28375795338
-1.87009096804 2.91076869373 -2.98704343534 -1.09393618307 2.32679899411 -2.8944805829
0.404098719359 0.376837248849 -1.21501886603 0.430415040681 0.0933730708381 -0.507451555226
4.21091690681 -1.27465689101 1.17332393732 4.21091690681 -1.27465689101 1.17332393732
-0.228457554156 0.391867565027 -0.174909593045 -0.138052685418 0.504927476804 -0.794860762564
-0.559136114368 1.42954960169 1.92447469337 -0.559136114368 1.42954960169 1.92447469337
0.585789858177 2.60693759915 -4.07623118032 0.585789858177 2.60693759915 -4.07623118032
0.0999974576041 -0.408144851638 -0.771054211617 -0.046866863436 0.0468023903507 -1.38234269196
-0.109853234937 0.0446333289447 0.137815839889 0.490322845867 -0.185343356886 0.475687949984
1.60264858922 0.812889618094 -0.529820284508 1.31643122437 0.784397430237 0.134082485278
0.897856328795 -0.867896305796 -0.114644725795 0.326275319932 -1.06067727879 0.941331486022
1.62880462012 0.469249437027 0.00777144288378 1.50761883985 0.655287133632 0.291427415697
-0.0119952863671 1.37825522305 0.0248540043239 -0.14113538105 1.85973443954 0.62004076993
0.15966646097 -0.0812956823842 0.344210228418 -0.425029783715 0.698510166436 -0.350887092331
-1.65676809219 -0.00770217827899 0.121325361717 -1.19810683863 -0.301567779254 0.148633483948
-1.0246577693 -0.106768671768 -0.840123647378 -0.654012566363 -0.456310442022 -0.850547230054
-0.393151356626 1.87617808668 -0.0173655312214 -0.130563117819 1.45038115107 -0.721313472034
1.70829831256 1.07075613189 2.9235346247 1.70829831256 1.07075613189 2.9235346247
-4.44914791893 -1.61334011655 -3.57480250516 -4.44914791893 -1.61334011655 -3.57480250516
-0.824061338227 3.37424670528 -2.35498551552 -0.824061338227 3.37424670528 -2.35498551552
0.840063251874 0.621307336891 0.273650383988 0.744809401147 1.20660338701 -0.199369049634
-4.52043018346 2.87907994304 2.45587364834 -4.52043018346 2.87907994304 2.45587364834
0.0724727342827 -0.311643344207 0.678840128857 0.478606618284 -0.012586265194 0.118076305586
-1.08058544372 -0.175920283526 0.0414543064032 -0.243760160602 -0.766826757688 0.0874335364808
0.396612885746 0.451852699725 0.260963451799 0.396612885746 0.451852699725 0.260963451799
1.48698316257 0.607678554232 -0.307877014394 1.00333198225 0.617400234542 -0.0502420289099
2.72484047281 -0.258479332798 0.234685292916 2.72484047281 -0.258479332798 0.234685292916
-0.342140050582 0.0566371236921 0.64771714091 0.224311000024 -0.559459227743 0.270736721384
0.574265491359 0.918158587897 0.800780319715 0.278769819123 0.502189184691 0.966559662361
-0.567837696667 0.199231800949 -0.870374132339 -0.53699482944 -0.154210181503 -0.77018953175
1.0332592475 0.263703595372 0.269539283841 1.48170966341 0.610376612332 0.621714394924
2.2433223838 3.42637070739 0.932616959499 2.2433223838 3.42637070739 0.932616959499
0.777985187005 -1.52202075259 -0.0517433523733 0.513898017749 -1.81622211588 0.419608271072
-0.905971578065 0.437615010502 -0.72465076813 -1.34955707028 0.710689564643 -0.507686710046
1.83579891712 2.10996850816 -1.75104369135 1.62777041766 2.02019671466 -2.11669775081
-0.0784718494118 -0.348688573757 0.722317116629 -0.01953209932 -0.0527754576938 0.534892656041
-0.861577510463 0.0505917944366 -0.526569957553 -0.49533556816 -0.00730155983597 -0.827021374765
0.560625625348 -0.63948685512 0.465924109602 -0.107719885406 -0.374560521308 -0.446683029943
0.572921334852 0.137314133504 0.0800647669099 0.797026403348 0.0165978158032 0.298468530911
-0.618043330892 -2.86801431727 0.666491734176 -0.618043330892 -2.86801431727 0.666491734176
-0.111279187881 0.309698709476 0.515246659796 0.113565590449 0.207527086108 1.19388212853
-0.102385565699 0.11769759984 -0.322158497234 -0.392908921684 0.154514476881 -0.515639969818
0.640310065061 0.309614446974 0.039505067045 0.471422643108 -0.280924979887 -0.00836422170541
2.30870994616 -2.77412515705 3.03410974024 2.30870994616 -2.77412515705 3.03410974024
-5.37495882124 -0.509563162599 1.39134145422 -5.37495882124 -0.509563162599 1.39134145422
-0.612895741578 -0.0257665621658 -0.822705864232 -0.612895741578 -0.0257665621658 -0.822705864232
0.794592136719 -0.329194622097 1.451619059 0.794592136719 -0.329194622097 1.451619059
2.85394703273 0.122588219911 0.484339160464 2.85394703273 0.122588219911 0.484339160464
-1.94101477193 3.24184986162 5.26863030953 -1.94101477193 3.24184986162 5.26863030953
-1.03207754432 -1.13494173052 0.145263770785 -1.48957694906 -0.807897559988 0.291664837746
0.449715079142 -0.0880976710844 2.42170695288 0.609650241811 -0.213679898825 2.55099317515
0.965171019997 -0.0479344078015 -0.0113852160347 1.11434318189 -0.562844389524 1.30689368726
1.49882706589 -0.337481122311 -4.50437934461 1.49882706589 -0.337481122311 -4.50437934461
-0.673972010682 -0.098190724959 0.284126909584 0.321771816488 -0.655380315585 0.131168430493
-0.981761428639 -1.11869107594 1.34863773694 -0.628505091902 -1.12405888607 1.54115538596
0.565396163271 0.689980953856 -1.03409657236 0.522267492311 0.969421683367 -0.67623210613
1.9531050982 -2.70840479467 0.432728026606 1.9531050982 -2.70840479467 0.432728026606
0.63624097455 -0.634601907452 -0.0177298423006 0.393296728815 -0.741238830313 0.372669327344
0.914244682354 -0.770469670117 1.08230251309 0.0487622685068 -0.190722530619 1.41643956136
0.522267492311 0.969421683367 -0.67623210613 -0.267142035195 1.50117877463 -0.230734202239
1.07095214648 0.174914773862 -0.0733660002744 0.773382411943 1.1797109832 0.392041888463
-4.46028156274 0.491413602273 0.814058283575 -4.46028156274 0.491413602273 0.814058283575
-0.896356639995 -0.28970009772 -0.81803157386 -0.520728381537 0.47936696565 -1.05635104449
0.966777546403 -0.959637038342 -0.571004445969 1.2087494759 -0.685496424516 -0.54789323395
-1.91547854447 0.123350536323 -1.12836437332 -1.91547854447 0.123350536323 -1.12836437332
1.03312884399 -0.612925265453 1.28403871937 1.43349058241 -0.363915969981 1.31602996144
-0.304631336411 -1.29992546923 -0.933490159828 -0.785461730042 -0.758059588782 -0.614378395713
-0.8180151867 0.295259018392 -1.57269749334 -0.567837696667 0.199231800949 -0.870374132339
1.18992469106 0.368826912413 -2.66438744779 1.18992469106 0.368826912413 -2.66438744779
-0.785461730042 -0.758059588782 -0.614378395713 -0.923661386727 -0.134604496305 0.140580838984
0.893705833544 4.10948370161 1.03565035473 0.893705833544 4.10948370161 1.03565035473
1.69816536786 0.588232169892 0.313764669477 0.454517410392 0.436204144377 -0.638756397298
0.257031078022 -1.12438697582 0.757742719515 0.493209645047 -0.919075587546 0.863627004992
2.79887331246 -0.579253296015 1.61413418389 2.86744634711 -0.367150968314 1.09393106698
0.683971322699 0.861783223907 -0.229318175284 0.452378961629 0.426745339441 -0.827365170661
-0.37873472868 -0.424678585599 1.50140199229 -0.628162174541 0.0152943662981 0.95210867455
1.28633794426 0.0800999537765 0.713272645083 0.796435887656 -0.546787079491 1.11594544666
-1.07451066485 0.143929282525 -0.945782516877 -1.41388841313 0.372289425703 -0.562171316396
-0.0412201405389 -0.18167444504 -0.176027530891 -0.228457554156 0.391867565027 -0.174909593045
-3.3889099508 -0.0990144832117 0.586747251728 -3.3889099508 -0.0990144832117 0.586747251728
0.582671656131 -0.475410211563 1.34086178357 0.0230549088843 -0.643387996089 1.15126149688
3.81282097749 -2.82713191061 -0.750978503201 3.81282097749 -2.82713191061 -0.750978503201
0.478606618284 -0.012586265194 0.118076305586 0.0761778587853 -0.452392237698 -0.844795495434
0.147818183486 0.681085152805 0.858706522774 0.10947562296 0.894639892676 1.43917518857
-1.29195640602 -0.860955336292 -2.01537092073 -1.29195640602 -0.860955336292 -2.01537092073
0.88257145183 0.6370678549 -0.152927292763 0.717629743848 0.583213790071 -0.876947897278
0.691239540276 1.04484963307 0.920559200917 0.798818966887 1.03836213723 0.437869325288
1.86682324348 3.11564674646 -2.27196221137 1.19648981942 3.1892872041 -2.63943586382
0.548990923421 0.0657119109663 0.854311075684 0.965171019997 -0.0479344078015 -0.0113852160347
-1.48957694906 -0.807897559988 0.291664837746 -1.67208969183 -0.212267878879 0.202836446419
-0.166072582438 0.417125978167 0.736360388947 -0.0561358429834 0.549718485631 0.523071655532
1.91084243559 4.56017010874 -1.07403547828 1.91084243559 4.56017010874 -1.07403547828
-0.628505091902 -1.12405888607 1.54115538596 -0.688869032701 -0.88597581596 1.40909854078
0.576606678786 -3.20432503332 -0.395893884124 0.576606678786 -3.20432503332 -0.395893884124
0.260419771404 -0.590865137716 0.264736849091 1.05337442411 -1.10047565886 0.254861495954
0.10947562296 0.894639892676 1.43917518857 -0.753543408212 0.774757394464 1.49363973032
0.471422643108 -0.280924979887 -0.00836422170541 0.58819982609 0.595993712696 -0.0795869673611
0.27601993067 -0.316231665295 1.18690722675 -0.0519115594077 -0.688350116224 0.849942943298
-1.04852166647 0.321964106724 -0.918557791249 -0.993466270292 0.580996467477 -1.20203483008
0.840513990827 1.32554594677 0.42658060922 0.683971322699 0.861783223907 -0.229318175284
-0.725860747138 -0.100698969526 -0.837316238567 -0.896356639995 -0.28970009772 -0.81803157386
-1.3229379188 0.281346756951 -0.120137899929 -1.65676809219 -0.00770217827899 0.121325361717
0.0239193817083 0.445198176159 0.00337308687567 0.0458898794415 0.381750394035 0.264702052022
0.0121270462923 -0.321674362355 0.98378883716 -0.461479702947 -0.685720731496 0.837297862649
-0.79047857317 -0.232156565747 -0.240741742238 -0.805799004103 -0.460734998842 0.385766980934
-0.392908921684 0.154514476881 -0.515639969818 -0.102385565699 0.11769759984 -0.322158497234
0.797026403348 0.0165978158032 0.298468530911 0.243293634094 -0.111931803934 -0.0335692687651
0.321771816488 -0.655380315585 0.131168430493 0.321409342903 -0.845773223694 0.104610055887
0.493209645047 -0.919075587546 0.863627004992 0.237660346177 -1.21440320363 0.697955263535
1.62777041766 2.02019671466 -2.11669775081 1.83579891712 2.10996850816 -1.75104369135
0.224311000024 -0.559459227743 0.270736721384 -0.457510457189 -0.323864251459 0.320240468046
-2.05437904129 -0.751106225839 -1.31623576289 -2.05437904129 -0.751106225839 -1.31623576289
-0.276921555742 -0.500482076435 -1.16072449396 -0.336521622321 -1.20398442316 -0.942067945712
-0.422993532015 0.569192111942 0.795659912199 0.691239540276 1.04484963307 0.920559200917
0.684090576549 -3.4298164242 -0.242314834347 0.684090576549 -3.4298164242 -0.242314834347
0.117138118572 -0.0640612583273 2.59678339448 0.117138118572 -0.0640612583273 2.59678339448
-1.24275966939 3.30752011999 -1.32793040314 -1.24275966939 3.30752011999 -1.32793040314
1.75057704934 0.110050777305 0.987591527003 1.28633794426 0.0800999537765 0.713272645083
-2.38987581007 0.571852943374 -3.36488165176 -2.50542011921 0.279534577801 -2.61764837488
0.210762106385 -1.21256598939 0.633289096832 -0.454792881625 -1.42885715167 0.385822910146
-0.346745639678 -0.051899604547 -0.0188046727563 -0.25760195117 -0.0430794009111 0.357304047593
1.48170966341 0.610376612332 0.621714394924 0.974567131384 0.803333796171 0.0154273016934
2.86192887864 0.96717829513 -1.00644880639 2.86192887864 0.96717829513 -1.00644880639
0.903033441433 -0.661310401503 -3.93819554239 0.903033441433 -0.661310401503 -3.93819554239
0.383444143695 -1.04488157276 -0.128870630374 -0.124262459577 -1.29270892566 -1.23068322154
-0.138052685418 0.504927476804 -0.794860762564 0.11505338075 0.191794350374 -0.143339511249
-0.666333361106 0.528472593239 0.516143341255 -0.418478417236 0.741733116473 0.925853521266
-0.243760160602 -0.766826757688 0.0874335364808 0.0310131728685 -0.749350522079 -0.0456194818146
-0.100456842204 -0.217312523561 0.561815353028 -0.719468419456 -0.437387345081 0.419050384297
0.676744860103 -0.335730450571 0.910160656854 -0.342140050582 0.0566371236921 0.64771714091
-0.498744966861 -0.513184708658 -0.0850317952324 -0.725860747138 -0.100698969526 -0.837316238567
0.952819683144 -1.45230898594 1.85117762557 0.952819683144 -1.45230898594 1.85117762557
0.525192618033 -0.936109903609 -0.230366454641 0.490614725386 -0.954558425289 0.00894554658931
1.09548894678 -0.86099888113 0.0442990851125 1.09548894678 -0.86099888113 0.0442990851125
-0.907553728246 -0.516416910801 0.868480702339 -0.907553728246 -0.516416910801 0.868480702339
-0.124262459577 -1.29270892566 -1.23068322154 -0.43960847878 -1.7542567629 -1.17402939989
-0.665856314251 -0.869631407938 -0.0377548267693 -0.871485649342 -0.546920533161 0.260348931511
0.146036097195 -0.121903175485 -0.544359357039 0.314896094099 -0.828852904636 -0.454593645371
0.0347053532275 -0.440014426275 1.46786469021 0.384437134088 0.12337711121 1.4735274201
0.490322845867 -0.185343356886 0.475687949984 0.57289332557 -0.0298079842336 0.170231460528
-0.413854347213 0.555245180427 0.419870249305 -0.156076603328 1.0205155004 0.356031882798
-2.61552767623 -1.9504696657 -1.39820967153 -2.61552767623 -1.9504696657 -1.39820967153
-0.23059764965 0.0813735265623 1.30369975103 0.404449018276 0.00899141795796 1.3710978012
0.451266256591 -0.485737714936 1.71574390755 0.127838563416 -0.586800320325 1.6190320906
-0.923661386727 -0.134604496305 0.140580838984 -1.08058544372 -0.175920283526 0.0414543064032
-0.963977390067 2.20009764576 2.43472506649 -0.963977390067 2.20009764576 2.43472506649
0.57289332557 -0.0298079842336 0.170231460528 1.0332592475 0.263703595372 0.269539283841
0.643596449653 -0.806215625822 -1.00259501533 0.202916893928 -1.11684093621 0.142616802285
-0.336874582833 0.973803928122 -0.199713913074 -0.0351752543186 1.65670784685 -0.0239914723685
0.084730678384 1.90533800521 -1.01339925516 0.479491724893 1.32530323732 -0.798866877881
0.399630204812 3.39733382969 -3.2711420056 0.399630204812 3.39733382969 -3.2711420056
-0.531737983983 0.280817795944 -0.186125617159 -0.34762615296 1.13716555017 0.0734884419448
0.479348481381 0.430812987574 0.784412942454 0.145659644693 0.494337585336 0.70185433247
-0.453851808609 -0.732395686837 -0.725065203793 -0.731855297126 -0.459512412344 -0.646599170213
0.609650241811 -0.213679898825 2.55099317515 -0.0668726557679 -0.754258558645 2.73871318315
1.85510435788 0.603893631072 0.763524311508 1.85510435788 0.603893631072 0.763524311508
0.326275319932 -1.06067727879 0.941331486022 0.567103956813 -0.165619604926 0.509375275372
0.430415040681 0.0933730708381 -0.507451555226 0.222180970432 0.439357347309 -0.659495449553
-1.27844236622 -0.604350005099 -0.913408328791 -1.63766502837 -0.726881365293 -0.444838651115
-0.43960847878 -1.7542567629 -1.17402939989 -0.991161722388 -1.68021276455 -1.07885031966
-1.64806150362 3.29898299027 -0.429753903638 -1.64806150362 3.29898299027 -0.429753903638
-0.267142035195 1.50117877463 -0.230734202239 -0.0119952863671 1.37825522305 0.0248540043239
1.04191895843 -0.0545548867785 0.387220560784 0.953406653906 0.102869945998 0.675035631213
-0.0259574803192 -0.198458447161 -0.37840024993 -0.584310455854 -0.581398349519 -0.82497200425
0.117478907426 0.840944836149 -0.134020960257 -0.336874582833 0.973803928122 -0.199713913074
-0.0124946359475 0.515435828182 0.200217899137 0.745160997096 -0.0641517261726 -0.341950740309
-0.0786129932633 -0.194882765957 -0.966790683413 -0.276921555742 -0.500482076435 -1.16072449396
-0.537065219784 -0.172532059165 0.969428482479 0.27601993067 -0.316231665295 1.18690722675
1.21903647114 -0.218425048312 -0.698193219933 0.866508984658 0.08378273948 -0.562491207326
0.0269292989142 0.942415730441 0.0330104106674 0.502479304507 0.529487720529 -0.0126410405338
-0.731855297126 -0.459512412344 -0.646599170213 -0.665856314251 -0.869631407938 -0.0377548267693
-0.753543408212 0.774757394464 1.49363973032 -0.666333361106 0.528472593239 0.516143341255
-1.41388841313 0.372289425703 -0.562171316396 -0.531737983983 0.280817795944 -0.186125617159
0.452378961629 0.426745339441 -0.827365170661 0.488511874551 0.569600483763 -0.481223102843
0.393296728815 -0.741238830313 0.372669327344 0.897856328795 -0.867896305796 -0.114644725795
-0.776106334834 -0.0245587278238 1.60490950558 -0.0784718494118 -0.348688573757 0.722317116629
0.857559876267 0.718459806694 -0.376505624631 0.50472813064 0.24654391802 -0.244406742788
0.780019363473 -6.12177943092 -1.52362537493 0.780019363473 -6.12177943092 -1.52362537493
0.46874376397 -0.299987511795 1.49778149372 0.0347053532275 -0.440014426275 1.46786469021
-0.851227899002 -3.62041412494 0.568109268775 -0.851227899002 -3.62041412494 0.568109268775
3.40334640178 -3.1771896641 0.300333474691 3.40334640178 -3.1771896641 0.300333474691
-0.838389474245 0.425272251262 -0.419363365629 -1.17489691519 0.337260537754 -0.632868379709
-0.196177792237 0.481946833873 1.85157731316 -0.196177792237 0.481946833873 1.85157731316
2.86744634711 -0.367150968314 1.09393106698 2.79887331246 -0.579253296015 1.61413418389
-0.046866863436 0.0468023903507 -1.38234269196 0.0905903123476 -0.374072406289 -0.673860661313
1.50761883985 0.655287133632 0.291427415697 1.36778496791 1.10967095383 0.349438744537
0.567103956813 -0.165619604926 0.509375275372 -0.0259574803192 -0.198458447161 -0.37840024993
-0.944996945675 0.663504698127 -0.554759642343 -0.944996945675 0.663504698127 -0.554759642343
2.77204594928 -1.65457748957 -3.22316751788 3.04548564852 -1.46764673023 -3.08728709344
0.334528951637 0.0125195635316 0.321145227636 0.209442998432 0.199591860653 -0.0269004487436
-1.57608463349 -3.183818304 2.25064431081 -1.57608463349 -3.183818304 2.25064431081
-0.0861466745955 0.753157579832 -0.59090999528 -0.838389474245 0.425272251262 -0.419363365629
2.84800232738 0.335738688769 -2.5094290974 2.84800232738 0.335738688769 -2.5094290974
0.825280133955 1.11301319646 -0.8355257697 0.617129320553 0.981051359547 -0.646794598099
0.479491724893 1.32530323732 -0.798866877881 0.084730678384 1.90533800521 -1.01339925516
-0.497680840479 1.91471652474 -0.125816440748 -0.676924790793 2.00828303048 0.313008247012
0.615760155887 0.195399844921 0.862854968563 0.869001955188 0.125142883913 0.117190198207
-4.4769222041 -3.63018534728 0.185875797539 -4.4769222041 -3.63018534728 0.185875797539
3.07856025128 -3.03271124594 -0.372058998653 3.07856025128 -3.03271124594 -0.372058998653
0.314896094099 -0.828852904636 -0.454593645371 0.383444143695 -1.04488157276 -0.128870630374
-0.628162174541 0.0152943662981 0.95210867455 -0.422993532015 0.569192111942 0.795659912199
-1.3871705609 -1.13603250518 -0.606530860519 -1.3871705609 -1.13603250518 -0.606530860519
-0.778989082897 1.38072584003 -0.18740272766 -0.778989082897 1.38072584003 -0.18740272766
1.2087494759 -0.685496424516 -0.54789323395 1.26919260946 0.386106125405 -0.485925299404
-0.871485649342 -0.546920533161 0.260348931511 -0.944590055802 -0.707340586332 0.738432361639
0.735552651805 0.0603694124842 0.376391112231 0.260419771404 -0.590865137716 0.264736849091
0.488511874551 0.569600483763 -0.481223102843 0.381424263041 0.277802187202 -0.110892803221
-1.17489691519 0.337260537754 -0.632868379709 -0.905971578065 0.437615010502 -0.72465076813
0.58819982609 0.595993712696 -0.0795869673611 -0.552780922583 0.692378195909 -1.03477198136
1.26919260946 0.386106125405 -0.485925299404 0.567055390446 0.61958903205 -0.196451280478
0.0325821467849 0.105280217923 -0.377987844273 0.0338560727172 0.121514837718 0.322583554837
-0.01953209932 -0.0527754576938 0.534892656041 0.178649248662 -0.181790069277 0.44959871651
1.41643694462 1.71509521304 1.63855839425 1.41643694462 1.71509521304 1.63855839425
0.0905903123476 -0.374072406289 -0.673860661313 -0.134798603061 -0.912417551848 -0.402856820127
3.18113849463 1.39545074842 1.0366779995 3.18113849463 1.39545074842 1.0366779995
0.734781567239 0.874405545724 0.0775009589698 0.88257145183 0.6370678549 -0.152927292763
0.278769819123 0.502189184691 0.966559662361 -0.413854347213 0.555245180427 0.419870249305
0.180481731099 0.229076653347 -0.663711393749 0.180481731099 0.229076653347 -0.663711393749
0.617129320553 0.981051359547 -0.646794598099 0.841930351941 1.33472492356 -0.161137858387
-1.67208969183 -0.212267878879 0.202836446419 -0.673972010682 -0.098190724959 0.284126909584
-0.425029783715 0.698510166436 -0.350887092331 0.117478907426 0.840944836149 -0.134020960257
-0.223412792533 0.978238568716 0.60141928328 -0.23059764965 0.0813735265623 1.30369975103
0.841930351941 1.33472492356 -0.161137858387 0.292956263344 1.34752112882 -0.347259179328
0.647265642686 0.377009649201 -0.392249841611 0.0239193817083 0.445198176159 0.00337308687567
0.321409342903 -0.845773223694 0.104610055887 0.790741932368 -1.00679509668 -0.0773235677968
