0.793531769648 1.34829473671 0.0989445715754 -0.030716286772 0.693017701233 -0.597587059038
-1.40991789009 1.16591434643 -1.21868995626 -1.2174408147 1.21286072942 -0.712236250848
-0.0284552783142 -0.483781209637 0.926454407143 0.218848236626 -1.07604014087 0.974849972745
-1.12594288292 -1.18812874582 0.217978330899 -1.04985789559 -0.206328374456 0.236780423368
-0.867493918425 0.551770174627 -0.994856860703 -0.280406450327 0.119844494567 -0.903628098725
0.326001036647 0.268357931685 -0.0740150108334 0.174176979403 1.51283131551 0.12899991617
-0.146232149467 -0.133351995334 -0.494184031973 -0.519676189831 -0.531470506609 -1.01173739142
-0.9769449157 -3.72291327169 -1.78445369931 -0.9769449157 -3.72291327169 -1.78445369931
-1.24278981907 -1.12891344712 1.01641904777 -1.24278981907 -1.12891344712 1.01641904777
-1.25051502734 0.0884058167231 -1.10021873434 -0.798776462717 0.2352309306 -1.26242874467
0.0680920066016 1.30986684314 0.155512920634 -0.35431483045 0.928688665929 0.307904915536
-0.358156179985 -1.07557026716 0.686602483648 -0.667709497491 -0.959446123477 0.501810846898
1.45876538531 -2.4987253736 3.52015973355 1.45876538531 -2.4987253736 3.52015973355
-0.0999620113494 -0.175268665816 0.284491140186 -0.269000808137 -0.403864009016 0.0390988300995
-4.09619117841 1.79082077349 -2.41741441361 -4.09619117841 1.79082077349 -2.41741441361
0.145575903234 1.10408564687 -1.01762982089 -0.146232149467 -0.133351995334 -0.494184031973
-0.684781563945 1.54970407788 -0.245015053305 -0.317810616812 1.97953633886 0.196215654983
-0.875509904133 0.619459469614 -0.321283047869 -0.281453762403 0.816683821795 -0.519440772123
0.275821776424 1.89664049873 2.29048636208 0.275821776424 1.89664049873 2.29048636208
0.906314062794 0.503887719108 0.136815580795 0.295541749871 0.953575961785 0.7160714977
2.35726923457 -0.405485568113 1.90461782142 2.35726923457 -0.405485568113 1.90461782142
0.318242770999 1.15362770659 1.10282779619 0.318242770999 1.15362770659 1.10282779619
-0.298206290314 -0.374873455528 -0.587094619632 -0.892232243529 -0.0434390226311 -0.67086219551
-0.861178855063 1.23599663827 3.42695028447 -0.861178855063 1.23599663827 3.42695028447
-0.08518968768 -0.360875191966 -0.116258620407 0.180151836805 -0.191388835199 -0.0875484309593
-0.199120085408 0.750692394593 -0.719695906948 -0.640114974604 0.0711408888564 -0.707226907599
0.211961587319 -0.101537660994 -0.829560596259 0.314244514683 0.739608366811 0.307825576902
-0.00467893625599 0.565249360362 -0.0274103867421 -0.058064307892 0.311119293987 -0.0192699382699
-0.0944840770432 0.329445917296 1.50005689269 -0.0944840770432 0.329445917296 1.50005689269
-0.987514073451 1.60563519547 -0.522120626167 -0.556694604227 1.45972946714 -0.0858224845819
0.924537955714 -0.521931771065 -0.967056578254 1.11158147488 -0.0934766666596 -1.31894908007
-2.29613335391 -3.95628479061 -0.593446788846 -2.29613335391 -3.95628479061 -0.593446788846
-0.217617708846 1.5513116304 -0.0683814252311 -0.684781563945 1.54970407788 -0.245015053305
1.13431118315 0.372234886625 0.542105680499 1.08392129195 0.619411854612 0.00401441298959
5.35696931476 1.93205054879 -1.30078124108 5.35696931476 1.93205054879 -1.30078124108
0.114559923561 -0.00735333096066 -0.323973454863 0.553812338988 0.0518582668367 -0.188867782838
-0.462923896411 -0.558145438033 0.165453319627 -0.094901093459 -0.341211304933 0.436181981192
-1.31437711679 0.619241294028 -1.71608900272 -1.98716988638 0.651692901295 -2.21823637221
1.10104956387 2.55181197715 3.75521360489 1.10104956387 2.55181197715 3.75521360489
-0.94987216245 0.770953408996 -0.538391408478 -0.830745882196 0.916142863105 -1.9791447725
-1.50653208388 2.05152058732 -0.137915270452 -1.50653208388 2.05152058732 -0.137915270452
2.85549830249 0.99689849065 -2.0513889674 2.85549830249 0.99689849065 -2.0513889674
0.241655984924 0.104422644221 -0.765595195572 0.200811851533 -0.569781915299 -0.626333179304
0.888035631291 0.156548588677 -0.821651433273 0.938081190891 0.230297260261 -0.665081420776
3.67577192257 -2.57075803258 -0.660933344447 3.78439406758 -2.19614671688 -0.810226513261
-0.926217938248 -0.627026299433 -0.881389584764 -0.667328874585 -0.233349526723 -0.684227752505
0.174176979403 1.51283131551 0.12899991617 -0.18041405571 1.55870627142 -0.186558126923
0.266967175128 -0.230612406578 -0.298961530915 0.660654660972 -0.798845644568 -0.39815110025
0.660654660972 -0.798845644568 -0.39815110025 0.241655984924 0.104422644221 -0.765595195572
-0.633805668063 -0.255470104077 -0.20789345266 -0.039568116466 0.357329777876 -0.254268448554
-0.223801353199 0.0980935617089 -0.899114485329 0.000909581056068 -0.582096757947 -0.44009679685
-2.11045911845 -0.729145898947 -0.22629306721 -1.414210882 -0.705743095805 -0.365698924352
0.733384224127 1.27129097514 -0.60618638512 -0.177936042368 0.835242720982 -0.970822246978
-0.611893646088 0.276438715743 0.680097409662 -0.339622161506 -0.0756651273747 0.168112676324
-1.95502289172 0.300590764933 -0.483802615936 -1.54436792846 -0.103414465684 -0.0659555545209
-0.0523147945384 -1.6218693967 4.76422012048 -0.0523147945384 -1.6218693967 4.76422012048
0.328880635388 0.220222372969 -0.0721785994834 0.311861528636 0.569602642033 -0.421311909447
0.204440781587 3.06082105252 0.76124009625 0.0995200809491 2.19456630345 0.385047333881
0.277238580858 -1.30664363056 0.0914513684029 0.420663124448 -1.15790742837 -0.202695114636
-0.899282880195 0.844809725064 -0.145585947511 -0.899282880195 0.844809725064 -0.145585947511
3.65491108991 -0.582405053882 1.92245129283 3.65491108991 -0.582405053882 1.92245129283
0.166867254963 -0.596891858237 -0.50022579664 0.200590914488 -0.392772600342 -0.161433224423
-1.37931845001 0.0274161985 0.619369677549 -1.03052286784 0.265238431731 0.84784096287
0.65349593198 -3.16706377056 2.22689721205 0.65349593198 -3.16706377056 2.22689721205
-1.01675990982 -0.0488866323655 0.434850463902 -0.958939796116 -0.334901507105 0.182908055782
-0.604195376257 0.00451198802603 -0.180691030319 -0.776766876322 0.187126951931 0.167657498497
0.426927241042 -0.0747727330229 -1.4080933035 0.850199861675 -0.518961869667 -1.08326470013
0.180852382767 -0.698413520637 -0.692961579854 0.291205187895 -0.391239510631 -0.379173986755
2.46174894817 -3.75160541815 -0.107258188193 2.46174894817 -3.75160541815 -0.107258188193
0.630738207359 2.09060205925 2.00350261078 0.630738207359 2.09060205925 2.00350261078
0.938081190891 0.230297260261 -0.665081420776 0.842435548007 0.355521984477 -0.021801183071
-0.181909149657 -0.348710578008 0.394631380014 -0.0483364319404 -0.482595623773 0.382403798586
0.284467073918 -1.12108805553 0.368009988989 -0.526196308145 -0.78488292795 0.264207074985
-0.455674602507 0.36319099294 -0.411413059646 -0.397219524472 -0.125758856141 -0.320439309972
0.0234033434341 1.33823631866 -0.981899246605 0.209512253176 0.885945560957 -1.01461382966
-3.6529810605 -2.2019387355 -2.02143830757 -3.6529810605 -2.2019387355 -2.02143830757
-2.19865904013 0.98052947724 -0.971043170014 -1.66367545549 1.08919286818 -0.389187734814
-0.0761765050524 0.514028119108 -0.502401482747 0.371186457378 0.0138116638419 -0.913062469296
-0.993116808924 0.177829339826 -0.0630997406925 -0.993116808924 0.177829339826 -0.0630997406925
-0.830745882196 0.916142863105 -1.9791447725 -1.02100476354 1.20657930579 -2.13136006334
1.07685647833 -0.889659199037 -3.57848137858 1.07685647833 -0.889659199037 -3.57848137858
0.801906791455 -0.846658697185 0.545866950845 0.647485058426 -1.26060338797 0.435491547654
-0.280406450327 0.119844494567 -0.903628098725 0.453844565813 0.306497348418 -1.5281829939
3.0047925685 -1.38443172116 0.916180193705 3.00176871557 -1.25819126704 0.500454264949
0.324446253614 0.440392487101 -1.01546612312 -0.0885787175494 0.263778045391 -1.24138211654
-1.54436792846 -0.103414465684 -0.0659555545209 -1.51204426429 -0.261529775464 -0.164759277929
0.248335770675 0.345870696398 -0.627767668198 0.243544077246 -0.421535050798 -0.318996857063
0.547323972496 -0.133399519941 1.10515286571 0.547323972496 -0.133399519941 1.10515286571
0.754382465662 -0.851285359543 -1.08182375604 1.11424930782 -1.00134237465 -0.990316986504
-0.302332607604 -0.549441652318 0.0778800763515 -0.264988801523 -0.427452082214 0.603490790458
-0.145403496728 -1.55205689972 -0.253536826979 0.00587523570127 -1.16963001707 -0.381184695589
-0.333620552005 -0.19782492333 2.42961413418 -0.333620552005 -0.19782492333 2.42961413418
-0.779600586328 3.33663900708 -2.46637575675 -0.779600586328 3.33663900708 -2.46637575675
-0.0906039149327 -0.967951997024 -0.331764587335 -0.0779970778848 -1.04740904133 0.209346571053
-1.61044912152 0.576413987596 -1.17421858141 -0.921784897406 0.792161528126 -1.64343603459
-0.526196308145 -0.78488292795 0.264207074985 -0.302332607604 -0.549441652318 0.0778800763515
-0.218046941892 0.286307187156 0.30246451099 -0.0999620113494 -0.175268665816 0.284491140186
-0.798776462717 0.2352309306 -1.26242874467 -1.25051502734 0.0884058167231 -1.10021873434
-1.24384487116 -0.0865803130622 0.12109337098 -0.690640480687 0.0325090902702 -0.188666777592
0.243544077246 -0.421535050798 -0.318996857063 0.38425140591 -0.229182922457 0.257618691484
-1.90999195593 -2.80778102668 0.0116548012064 -1.90999195593 -2.80778102668 0.0116548012064
0.119555524197 3.63539195337 1.93308455099 0.119555524197 3.63539195337 1.93308455099
-0.154465795301 -0.326023867885 -0.935362731337 -0.249423776757 -0.263322273952 -1.21106988625
0.309789921361 -0.390319567576 0.887372658259 0.791853191004 0.0771320267548 0.92565442279
0.44879034782 -0.375861711579 -0.0640539772455 1.00934687856 -0.345728759025 0.315859334114
0.332954579216 0.826728991642 2.50259205995 0.332954579216 0.826728991642 2.50259205995
-1.03052286784 0.265238431731 0.84784096287 -0.964463661478 1.11950542937 0.893121249959
1.14299525991 2.34061121923 0.532924984368 1.14299525991 2.34061121923 0.532924984368
0.254315493809 2.79642385861 -0.466170232785 0.499157432868 2.08296408483 -0.268783216986
0.729057279014 -0.226598160031 -0.937319811362 0.737369403652 -0.54575656998 -1.22682383951
-0.433849551191 0.66001615595 1.26349592952 -0.433849551191 0.66001615595 1.26349592952
-1.66367545549 1.08919286818 -0.389187734814 -2.05669514697 0.690262718797 -0.477870976646
0.213465051734 0.150634939643 0.146467271757 0.648012745295 -0.0832344844964 -0.0168332179547
0.00587523570127 -1.16963001707 -0.381184695589 0.284467073918 -1.12108805553 0.368009988989
0.704473666299 1.19363727753 -0.226000266434 0.625121496048 1.56537695444 0.289405056751
-3.15645831556 -0.264453155582 -0.670604013965 -3.15645831556 -0.264453155582 -0.670604013965
-0.531888510879 -0.418386231357 0.441488977967 -0.731060547758 -0.510785010447 0.559045814922
-0.385626951496 1.12384213036 -0.731952890781 -0.371417694588 1.00589556471 -0.75765400367
0.993273553898 2.36062517774 -2.23716220027 0.993273553898 2.36062517774 -2.23716220027
3.12029221563 5.38053519437 0.672054455188 3.12029221563 5.38053519437 0.672054455188
0.0203775031992 -0.319350075432 0.233307639491 0.0131478179255 0.116181040213 -0.0602529399176
0.314244514683 0.739608366811 0.307825576902 0.906314062794 0.503887719108 0.136815580795
0.40073541136 0.0192900066732 -0.644236549821 0.67285869855 0.867646050261 0.0311569052888
-0.525378672239 3.11633805518 -1.00426587974 -0.525378672239 3.11633805518 -1.00426587974
-0.147721505412 -0.411418785541 -1.44668937164 0.51740148858 -0.670993089146 -0.95747209182
-1.29959019741 0.584752216694 -0.649560720112 -1.15455970933 0.420518335116 -0.738592494499
0.308959770344 -1.6027450049 0.248969368309 0.277238580858 -1.30664363056 0.0914513684029
-0.18041405571 1.55870627142 -0.186558126923 -0.217617708846 1.5513116304 -0.0683814252311
-0.629728332542 -0.6923218324 2.31840557072 -0.629728332542 -0.6923218324 2.31840557072
-1.09824715512 1.84252214563 0.897502440413 -1.09824715512 1.84252214563 0.897502440413
4.11846093 -0.282469123371 4.0165771216 4.11846093 -0.282469123371 4.0165771216
0.839174614888 -0.761310614287 -0.896406162802 0.714073482639 -0.205013514702 -0.989967340036
0.51740148858 -0.670993089146 -0.95747209182 0.40073541136 0.0192900066732 -0.644236549821
0.825105187213 -0.126672212422 -0.72091170187 1.1141718243 0.0554938138521 -0.550781911854
0.274825064339 0.417324697651 -0.938357839876 0.537064124428 0.407342720724 -0.40131272607
0.453844565813 0.306497348418 -1.5281829939 0.924537955714 -0.521931771065 -0.967056578254
0.125980937751 4.6794315323 0.426359054391 0.125980937751 4.6794315323 0.426359054391
0.503217925789 0.879252959929 -0.285302035468 -0.105270461628 0.485534848296 0.613956293215
0.29836302055 -0.0315335483228 1.69090015062 -0.0273068033749 -0.0620023912136 0.97534801245
-2.54696576455 2.69826120795 -2.47824421893 -2.54696576455 2.69826120795 -2.47824421893
-1.03258382437 -2.63192521377 4.28401199741 -1.03258382437 -2.63192521377 4.28401199741
0.518641287036 -0.176913770201 -0.63407895757 0.818532194716 -0.694551393235 -0.0463759379529
0.499157432868 2.08296408483 -0.268783216986 0.254315493809 2.79642385861 -0.466170232785
-1.36296865697 -0.277636658336 0.204223873671 -1.24046083171 -0.24535793798 0.416325832006
-0.238754853416 2.06728230023 0.73038404625 0.388242064737 1.91259060236 0.145334281283
0.603976985558 -1.26032478809 -0.69782799412 0.327255518817 -0.343767498548 -0.864901399581
-2.04745554604 -0.279609444411 -0.153170284556 -2.11045911845 -0.729145898947 -0.22629306721
0.39495705326 -1.65105421912 -2.76083823872 0.39495705326 -1.65105421912 -2.76083823872
-1.71476376937 0.153283787773 -1.76442423046 -1.31437711679 0.619241294028 -1.71608900272
-0.667328874585 -0.233349526723 -0.684227752505 -0.573906131352 -0.689181414603 -0.818223740128
0.371186457378 0.0138116638419 -0.913062469296 0.274825064339 0.417324697651 -0.938357839876
-2.0360864602 1.67150009589 4.59351356171 -2.0360864602 1.67150009589 4.59351356171
0.892514593062 0.490965163175 -1.60590570584 0.839174614888 -0.761310614287 -0.896406162802
-0.408518908822 0.836550407504 -1.81853487553 -0.408518908822 0.836550407504 -1.81853487553
0.125316675811 -0.258333148619 0.124630735678 -0.0289937730624 -0.358305495255 0.271939958401
0.788654755325 2.5541600617 -1.75209389256 0.788654755325 2.5541600617 -1.75209389256
0.111329449519 0.00933969418332 -1.38915908964 -0.434346808618 -0.208600443225 -0.733874771085
-1.03358245779 0.0429884879383 -0.361915713709 -1.04448769776 -0.0328006650506 -0.443131216912
-0.18690767102 -1.14164187251 0.585723415963 -0.329904014705 -1.49095515449 0.360670520847
-2.1185451995 1.94419743312 2.85753900146 -2.1185451995 1.94419743312 2.85753900146
0.372055926825 -0.443622310797 -1.55852114987 0.151002375069 -0.181438479787 -0.280378843721
-1.29963427199 -0.280790642881 0.799397759036 -1.29963427199 -0.280790642881 0.799397759036
-0.205222977763 2.09672409122 6.43172044451 -0.205222977763 2.09672409122 6.43172044451
0.309149308375 -0.390091820799 0.0518462263885 0.354976705697 -0.617183780675 -0.477686704897
-0.301445252771 -0.0912801296184 0.405392399973 -0.0685756885244 -0.434335122128 0.885253400603
0.831776134114 0.142725123054 -4.17294769768 0.831776134114 0.142725123054 -4.17294769768
-1.02100476354 1.20657930579 -2.13136006334 -1.01480700276 0.937062687903 -1.50910459521
1.17877987601 -0.473635120205 -1.78079926968 0.744572758346 -0.713694059642 -1.92261844585
-0.692191840151 0.469033878283 -0.902137733108 -0.867493918425 0.551770174627 -0.994856860703
-0.252570835654 -0.355425557703 -0.157651209407 -0.462923896411 -0.558145438033 0.165453319627
1.06488768964 -0.205677809954 -0.741853687971 0.729057279014 -0.226598160031 -0.937319811362
-2.16231961885 0.914914609653 -1.75224970425 -2.30947225127 1.21201314409 -1.76523036291
-0.869922454287 -0.142794403525 -0.92135107542 -1.34786557011 0.125600249712 -0.843068684404
-0.934955075671 -0.226992340768 -0.915582195433 -0.934955075671 -0.226992340768 -0.915582195433
-0.667709497491 -0.959446123477 0.501810846898 -0.720674130738 -1.00936733434 -0.214695826777
-0.128376574074 0.0837189082591 -1.20952838048 -0.298206290314 -0.374873455528 -0.587094619632
-0.304876814627 1.9188988225 -0.919276163289 -0.304876814627 1.9188988225 -0.919276163289
-0.292539679119 1.69792936988 3.29660016249 -0.292539679119 1.69792936988 3.29660016249
0.209512253176 0.885945560957 -1.01461382966 0.563635690369 1.52776203946 -0.914220699246
-0.691139580765 -0.332127738219 -0.0508946439861 -0.926217938248 -0.627026299433 -0.881389584764
1.00934687856 -0.345728759025 0.315859334114 0.8489136773 -0.812166665242 0.742005529113
-0.249423776757 -0.263322273952 -1.21106988625 -0.488390224152 -0.706421333833 -0.396450651205
-0.519676189831 -0.531470506609 -1.01173739142 -0.118315536297 0.858692785731 -1.22461965053
-0.539908148724 1.00421291107 -0.366710608298 -0.429296598563 1.37821306834 -0.48131482333
0.38425140591 -0.229182922457 0.257618691484 -0.543522390328 -0.767744543783 -0.728392185178
0.884007260837 0.722269073836 -0.262357203606 -0.00434124237034 0.396019973868 0.109181799244
-2.46262357013 0.777271443823 1.21029158758 -2.31425470298 1.17152069245 1.25045771443
-0.0263998344597 -0.0900791642526 -0.565837391576 -0.617528056417 0.0442811615669 -0.850329323138
0.271241652543 -0.404976589538 0.840801176641 -0.140120144871 -0.290353720931 0.674541926911
0.295541749871 0.953575961785 0.7160714977 -0.179895367618 0.758780309686 0.269430095026
-0.928478273959 0.291679149117 0.0945510998611 -1.03358245779 0.0429884879383 -0.361915713709
-0.496102602476 -1.07152414473 0.00601786465026 -0.238849550535 -1.43140330601 1.1750088158
-0.766879296085 0.277130432358 -0.880446027864 -0.0984599501501 -0.526616655305 -0.555285372522
0.8489136773 -0.812166665242 0.742005529113 1.09306094169 -0.210732420486 0.441091184981
-0.298105238888 -0.195642392604 0.339581460087 -0.693788744964 0.660616800405 0.148581312317
0.200590914488 -0.392772600342 -0.161433224423 -0.34991798408 -0.638980220985 0.117503083206
-2.53193458614 2.69060598541 1.06081456936 -2.53193458614 2.69060598541 1.06081456936
2.41138975397 0.189793045449 -0.71436262965 2.41138975397 0.189793045449 -0.71436262965
-1.04985789559 -0.206328374456 0.236780423368 -0.811818257938 -0.486268061547 0.348433049668
3.78439406758 -2.19614671688 -0.810226513261 3.67577192257 -2.57075803258 -0.660933344447
0.418100593216 -0.702230124699 -1.43082288989 0.426927241042 -0.0747727330229 -1.4080933035
-1.08668236151 0.333630751156 0.938568559006 -1.50198720888 0.0138473994156 0.808802973088
-1.03831557777 1.35628408767 0.0503110993939 -1.72353836209 1.51798753038 0.41148241463
-2.35796264994 0.771481325356 -1.95600245976 -2.35796264994 0.771481325356 -1.95600245976
-3.05587282592 -3.64906379313 -1.35664278378 -3.05587282592 -3.64906379313 -1.35664278378
0.49056959177 -0.438822326809 -0.302168068115 -0.225580199022 -0.164484131561 -0.573870950428
-1.43410348001 -2.84331462524 2.03154946644 -1.43410348001 -2.84331462524 2.03154946644
0.842435548007 0.355521984477 -0.021801183071 1.13431118315 0.372234886625 0.542105680499
0.133320806479 0.151990942514 -0.42322196451 -0.291346168301 0.100437521049 -0.818485866121
-1.36972156634 3.55424762048 -1.64478810911 -1.36972156634 3.55424762048 -1.64478810911
-0.128534745137 -0.601118669415 -1.09090901943 -0.0708846909402 -0.86694313243 -0.95341884542
-2.51574123711 -4.57634327437 3.06736576769 -2.51574123711 -4.57634327437 3.06736576769
1.99230757182 2.55583886644 -2.2124789225 1.99230757182 2.55583886644 -2.2124789225
0.700667920931 -0.204705463669 0.358735611033 0.79925975865 -0.098421660248 0.148703148462
-0.352884055962 -1.55821802486 -0.28324192251 0.308959770344 -1.6027450049 0.248969368309
-2.30947225127 1.21201314409 -1.76523036291 -2.16231961885 0.914914609653 -1.75224970425
-0.472505611066 -0.534650782185 -2.1186568107 -0.147721505412 -0.411418785541 -1.44668937164
0.342439184162 -0.496245743314 -0.496587906464 0.259648441775 -0.691776094165 -0.826172066459
-0.760137606643 -0.607846405592 -0.0948714066818 -0.252570835654 -0.355425557703 -0.157651209407
-0.269000808137 -0.403864009016 0.0390988300995 -0.418081742887 -0.278132047754 0.400057779896
-1.47581478732 -2.15324109702 1.52373647216 -1.47581478732 -2.15324109702 1.52373647216
-0.248643160396 0.16486269727 -0.10945228672 0.0207254803006 0.151340614715 -0.677632336475
-0.811818257938 -0.486268061547 0.348433049668 -0.298105238888 -0.195642392604 0.339581460087
-0.393934028253 0.32937332939 -0.696613134955 0.888035631291 0.156548588677 -0.821651433273
-0.00516827043539 -0.241924956776 0.67287907805 -0.00516827043539 -0.241924956776 0.67287907805
2.42717474967 -4.93785177091 -1.07377720966 2.42717474967 -4.93785177091 -1.07377720966
-0.693788744964 0.660616800405 0.148581312317 -0.611893646088 0.276438715743 0.680097409662
-1.414210882 -0.705743095805 -0.365698924352 -1.27234127376 -0.234729012319 -0.427689684126
0.000909581056068 -0.582096757947 -0.44009679685 0.166867254963 -0.596891858237 -0.50022579664
0.231749972444 1.19925466195 -0.803367494698 0.346195948241 0.940754633557 -1.01139592339
-0.600877499531 -3.82289602964 1.90203155011 -0.600877499531 -3.82289602964 1.90203155011
-0.899096305676 0.338425507439 -0.389977994077 -0.712994892767 -0.648131944253 0.190630511286
-0.731060547758 -0.510785010447 0.559045814922 -0.633805668063 -0.255470104077 -0.20789345266
-1.08190159398 3.78151506689 2.30107341255 -1.08190159398 3.78151506689 2.30107341255
-0.776766876322 0.187126951931 0.167657498497 -0.218046941892 0.286307187156 0.30246451099
-1.2174408147 1.21286072942 -0.712236250848 -0.987514073451 1.60563519547 -0.522120626167
-0.429296598563 1.37821306834 -0.48131482333 0.0234033434341 1.33823631866 -0.981899246605
2.01272875319 0.716813922481 -2.45753856873 2.01272875319 0.716813922481 -2.45753856873
-0.144969408226 2.73910777968 -2.6709644367 -0.144969408226 2.73910777968 -2.6709644367
-0.958939796116 -0.334901507105 0.182908055782 -0.658928135385 0.0119001301525 -0.528443067876
1.14977870795 0.443187229561 -1.51154354838 0.827294820871 0.51607839226 -1.64184633117
-0.0039259793879 0.324439600029 0.334526724847 -0.199120085408 0.750692394593 -0.719695906948
-0.282606395675 -0.278121608468 -0.335667342394 -1.01675990982 -0.0488866323655 0.434850463902
1.39941241759 0.561498166093 -1.65157736716 0.324446253614 0.440392487101 -1.01546612312
-1.03632277593 -0.530211970139 -0.30071338797 -0.869922454287 -0.142794403525 -0.92135107542
0.319428466492 0.281583207046 -0.624136656048 0.888395274853 0.466766075659 -0.505342737532
0.744572758346 -0.713694059642 -1.92261844585 1.17877987601 -0.473635120205 -1.78079926968
-0.126765639443 0.610814891951 -0.189196769854 -0.451268654188 -0.104661451693 0.172287049852
-0.0984599501501 -0.526616655305 -0.555285372522 -0.264746919964 0.0743068218024 -0.494931797914
-0.120318362652 0.487435095802 -1.16098936452 0.310920051901 0.301861655029 -0.52357642894
0.066923986791 0.429679397098 0.570737533405 -0.0039259793879 0.324439600029 0.334526724847
-0.658928135385 0.0119001301525 -0.528443067876 -0.899096305676 0.338425507439 -0.389977994077
-2.29315000797 -0.957104903768 1.31655098125 -2.29315000797 -0.957104903768 1.31655098125
-1.770827417 1.50592760143 -0.503461715842 -1.27067691607 1.24294141512 -0.920159645242
-2.7201158338 0.00894753801723 -2.11466061 -2.7201158338 0.00894753801723 -2.11466061
-0.100920498713 -1.69798935738 0.407479778469 -0.100920498713 -1.69798935738 0.407479778469
-0.543592525488 -0.0592169583734 2.05964337879 -0.543592525488 -0.0592169583734 2.05964337879
-0.284429353768 0.09621918627 -1.05532582047 -0.165019425193 1.13140635322 -1.43827652787
-1.91136828027 -1.58780773717 0.588563604372 -1.91136828027 -1.58780773717 0.588563604372
1.59981068966 3.65083136329 -3.54012586447 1.59981068966 3.65083136329 -3.54012586447
0.714073482639 -0.205013514702 -0.989967340036 0.231749972444 1.19925466195 -0.803367494698
-1.50198720888 0.0138473994156 0.808802973088 -1.37931845001 0.0274161985 0.619369677549
-0.101768762242 0.738764944591 -0.625329728475 -0.924004625623 0.126281485156 -0.605797328264
-1.99271564927 -0.0373679359304 -0.721654009411 -2.19865904013 0.98052947724 -0.971043170014
1.53385885773 3.5162467469 -0.647997639821 1.53385885773 3.5162467469 -0.647997639821
-0.039568116466 0.357329777876 -0.254268448554 0.774882430457 -0.182365922126 -0.288631962981
-1.2095304685 -0.830866520364 -0.220996717725 -1.03632277593 -0.530211970139 -0.30071338797
-0.105270461628 0.485534848296 0.613956293215 -0.16061540605 0.63279581841 0.847087663681
0.0586364643219 -0.823568330025 0.353475005779 0.266967175128 -0.230612406578 -0.298961530915
-1.34786557011 0.125600249712 -0.843068684404 -0.875509904133 0.619459469614 -0.321283047869
-0.353962775481 0.0179869780264 -0.99381753392 -0.0761765050524 0.514028119108 -0.502401482747
1.47965247164 -1.24103727979 0.0515266727525 1.47965247164 -1.24103727979 0.0515266727525
1.09306094169 -0.210732420486 0.441091184981 0.801906791455 -0.846658697185 0.545866950845
-0.397219524472 -0.125758856141 -0.320439309972 -0.564433268669 -0.308625385422 -0.752845090844
0.672320169185 -2.54314363244 -2.81150210854 0.999094476342 -2.30329528822 -2.74041986449
-1.12889587546 -0.155623939182 -1.84703930579 -0.472505611066 -0.534650782185 -2.1186568107
-1.098087474 1.82004859893 2.28984797283 -1.098087474 1.82004859893 2.28984797283
2.31787853237 1.02773684017 1.72541245341 2.31787853237 1.02773684017 1.72541245341
-0.329904014705 -1.49095515449 0.360670520847 -0.051174548648 -0.39130560982 0.517957317073
-1.72353836209 1.51798753038 0.41148241463 -1.51566542016 1.41235530735 -0.396120844647
0.0995200809491 2.19456630345 0.385047333881 0.204440781587 3.06082105252 0.76124009625
0.0853853321116 -1.58336174825 -0.388743927054 -1.12594288292 -1.18812874582 0.217978330899
-2.31425470298 1.17152069245 1.25045771443 -2.41951437815 0.746284332736 1.4281897239
0.291439102699 0.49649065458 0.344543764493 0.688508470338 0.570188629691 0.388389888388
-0.237910094707 0.876098130859 -0.521268731881 0.377626546154 0.917894880836 -0.665015669806
-0.0273068033749 -0.0620023912136 0.97534801245 0.476522150109 0.140945117419 1.39920486429
-0.436526633305 0.599597817923 -0.703378363722 -0.770511811369 0.247870896691 -0.522773013646
-0.892232243529 -0.0434390226311 -0.67086219551 -0.436526633305 0.599597817923 -0.703378363722
1.11158147488 -0.0934766666596 -1.31894908007 0.948769202172 -0.16309827277 -1.25520627913
-0.543522390328 -0.767744543783 -0.728392185178 -0.181909149657 -0.348710578008 0.394631380014
-0.719970466362 3.74086001526 2.30302789663 -0.719970466362 3.74086001526 2.30302789663
-0.051174548648 -0.39130560982 0.517957317073 -0.301445252771 -0.0912801296184 0.405392399973
0.275704486088 0.0884054160824 0.068253421608 0.44879034782 -0.375861711579 -0.0640539772455
-3.10864280972 3.87486547551 -3.18148470058 -3.10864280972 3.87486547551 -3.18148470058
0.346195948241 0.940754633557 -1.01139592339 0.49386305568 1.31818907056 -1.24212556686
0.180151836805 -0.191388835199 -0.0875484309593 0.125316675811 -0.258333148619 0.124630735678
0.79925975865 -0.098421660248 0.148703148462 0.596613363632 -0.546789509181 -0.694655563173
-0.021716134283 0.37189387326 0.426906989282 0.066923986791 0.429679397098 0.570737533405
0.0131478179255 0.116181040213 -0.0602529399176 -0.00467893625599 0.565249360362 -0.0274103867421
-2.4850966098 3.64269260816 -4.51978594073 -2.4850966098 3.64269260816 -4.51978594073
0.563635690369 1.52776203946 -0.914220699246 -0.385626951496 1.12384213036 -0.731952890781
0.999094476342 -2.30329528822 -2.74041986449 0.672320169185 -2.54314363244 -2.81150210854
-0.189200152446 -0.0230607712274 0.949026300716 0.12498941263 0.440038766754 0.341866763499
0.0397215827349 3.19654572503 -1.47368264619 0.0397215827349 3.19654572503 -1.47368264619
1.42387076196 -1.19840100899 -2.57175577661 1.42387076196 -1.19840100899 -2.57175577661
-0.317810616812 1.97953633886 0.196215654983 -0.238754853416 2.06728230023 0.73038404625
-1.7853790721 0.989181387216 -1.22632676556 -1.7853790721 0.989181387216 -1.22632676556
-0.409352534039 -0.593094922621 -0.449941577205 -0.409352534039 -0.593094922621 -0.449941577205
-1.04448769776 -0.0328006650506 -0.443131216912 -0.393934028253 0.32937332939 -0.696613134955
-3.39835527125 0.212605676298 2.82978580159 -3.39835527125 0.212605676298 2.82978580159
-1.57085367178 -0.927920562899 -3.21327887607 -1.57085367178 -0.927920562899 -3.21327887607
1.63199338932 -3.1146353328 -0.935626251751 1.63199338932 -3.1146353328 -0.935626251751
0.822522293989 0.752062507854 -1.37712224311 -0.128376574074 0.0837189082591 -1.20952838048
-0.934968467757 1.14450698222 2.69867730398 -0.934968467757 1.14450698222 2.69867730398
-1.51204426429 -0.261529775464 -0.164759277929 -2.04745554604 -0.279609444411 -0.153170284556
-0.172767068214 0.751359579557 0.657374822459 -0.453488811253 0.760599920997 0.666066739401
-0.921534733428 -0.00627903415553 1.37144755248 -0.921534733428 -0.00627903415553 1.37144755248
0.420663124448 -1.15790742837 -0.202695114636 -0.145403496728 -1.55205689972 -0.253536826979
0.666154034025 0.0899542370876 -0.962377198355 1.14977870795 0.443187229561 -1.51154354838
-0.0609178708913 0.642423817714 -0.0290266467056 -0.415128006594 0.749188908499 -0.416266073407
2.26803179761 1.77550449589 0.500379889167 2.26803179761 1.77550449589 0.500379889167
-0.238849550535 -1.43140330601 1.1750088158 -0.18690767102 -1.14164187251 0.585723415963
0.311861528636 0.569602642033 -0.421311909447 0.536652163802 0.319425336733 -0.677963508959
-0.34991798408 -0.638980220985 0.117503083206 -0.340941073835 -0.543759680232 -0.154998621401
0.774882430457 -0.182365922126 -0.288631962981 0.354664382011 0.486844677329 -0.41583878812
-0.160765622278 0.0368902238418 -0.175191570206 -0.160765622278 0.0368902238418 -0.175191570206
-3.35061406831 4.93942395855 4.45792502601 -3.35061406831 4.93942395855 4.45792502601
0.151243376373 -0.109444673157 0.711697915544 -0.0284552783142 -0.483781209637 0.926454407143
-1.15455970933 0.420518335116 -0.738592494499 -1.95502289172 0.300590764933 -0.483802615936
-0.549188511139 -0.0228684828962 -0.220613493693 0.133320806479 0.151990942514 -0.42322196451
0.0275168217833 -0.635154256678 -0.932379634852 0.418100593216 -0.702230124699 -1.43082288989
0.0797784644558 0.376115541382 -0.386135263827 0.319428466492 0.281583207046 -0.624136656048
-0.337029383857 0.742222127126 -0.262903570867 0.211961587319 -0.101537660994 -0.829560596259
-0.453488811253 0.760599920997 0.666066739401 -1.08668236151 0.333630751156 0.938568559006
-0.603549407915 0.591290826999 -0.312725009682 -1.18701851625 0.67712476908 0.276335247523
-0.690640480687 0.0325090902702 -0.188666777592 -0.0906039149327 -0.967951997024 -0.331764587335
-1.35411842114 -0.201224341621 -0.392621238537 -1.24384487116 -0.0865803130622 0.12109337098
-0.720395781419 0.328841605063 -0.198577484201 -0.975896917807 -0.0164878028143 -0.241216803338
0.0207254803006 0.151340614715 -0.677632336475 0.518641287036 -0.176913770201 -0.63407895757
-0.118315536297 0.858692785731 -1.22461965053 -0.692191840151 0.469033878283 -0.902137733108
-0.371417694588 1.00589556471 -0.75765400367 0.275704486088 0.0884054160824 0.068253421608
0.818532194716 -0.694551393235 -0.0463759379529 1.40825591211 -0.512235767219 -0.673488667512
-0.975896917807 -0.0164878028143 -0.241216803338 -0.691139580765 -0.332127738219 -0.0508946439861
0.948769202172 -0.16309827277 -1.25520627913 0.728556270924 -0.0208564515568 -0.523808221207
-0.666653857732 -2.24394742374 -1.3404493455 -0.666653857732 -2.24394742374 -1.3404493455
1.87548816692 -2.65714698134 -0.962756624072 1.87548816692 -2.65714698134 -0.962756624072
-1.01480700276 0.937062687903 -1.50910459521 -1.40991789009 1.16591434643 -1.21868995626
0.460871173332 -0.281275820645 0.711912651818 0.0163017497394 -0.309335492089 -4.97645972031e-05
0.832580187288 0.557322426938 -0.679772652869 0.884007260837 0.722269073836 -0.262357203606
0.553812338988 0.0518582668367 -0.188867782838 0.700667920931 -0.204705463669 0.358735611033
-0.640114974604 0.0711408888564 -0.707226907599 -0.946654344959 0.121204263737 -0.828192913362
1.40825591211 -0.512235767219 -0.673488667512 0.0275168217833 -0.635154256678 -0.932379634852
-2.10443511196 -0.223749013367 1.93463252965 -1.95165481062 -0.340187452502 1.56945013265
0.323290929401 -0.795431861811 -5.92549534898 0.323290929401 -0.795431861811 -5.92549534898
0.67285869855 0.867646050261 0.0311569052888 -0.337029383857 0.742222127126 -0.262903570867
0.0163017497394 -0.309335492089 -4.97645972031e-05 -0.08518968768 -0.360875191966 -0.116258620407
1.13727938726 -0.204149585368 -2.40400255872 1.13727938726 -0.204149585368 -2.40400255872
0.287826780584 0.0658357845868 -0.419913523877 0.0797784644558 0.376115541382 -0.386135263827
-0.207426713485 -2.36867897799 -2.81156342619 -0.207426713485 -2.36867897799 -2.81156342619
0.525726814107 1.30378227865 1.17278366376 0.525726814107 1.30378227865 1.17278366376
-1.56428847862 -4.20305522642 3.26293943971 -1.56428847862 -4.20305522642 3.26293943971
-0.451665358846 -0.125955969131 -0.638943231464 0.325508807309 0.00971229813427 -1.36302544858
-0.418081742887 -0.278132047754 0.400057779896 0.309149308375 -0.390091820799 0.0518462263885
4.31729347449 0.768668579256 -0.13393327043 4.31729347449 0.768668579256 -0.13393327043
-0.40947409335 -0.139303804149 -0.217998651082 -0.220913178665 -0.454038458161 -0.22422455856
-0.0885787175494 0.263778045391 -1.24138211654 -0.154465795301 -0.326023867885 -0.935362731337
-2.05669514697 0.690262718797 -0.477870976646 -1.61044912152 0.576413987596 -1.17421858141
-0.0708846909402 -0.86694313243 -0.95341884542 -0.128534745137 -0.601118669415 -1.09090901943
-0.488390224152 -0.706421333833 -0.396450651205 -1.36296865697 -0.277636658336 0.204223873671
-0.0685756885244 -0.434335122128 0.885253400603 0.271241652543 -0.404976589538 0.840801176641
-0.931448562331 -0.3407084971 -2.55437422271 -0.931448562331 -0.3407084971 -2.55437422271
-0.177936042368 0.835242720982 -0.970822246978 0.145575903234 1.10408564687 -1.01762982089
0.197453015946 0.600664719269 -0.419969051082 0.367147772061 0.230599385729 -0.819534595113
-0.058064307892 0.311119293987 -0.0192699382699 -0.0952739757433 0.237969164437 -0.307656705376
0.00433327285831 -0.913709415132 -3.78892493133 0.00433327285831 -0.913709415132 -3.78892493133
-0.165019425193 1.13140635322 -1.43827652787 -0.645060020657 0.876754057647 -1.35466958417
0.827294820871 0.51607839226 -1.64184633117 1.39941241759 0.561498166093 -1.65157736716
-0.889555124902 -0.220009808597 -1.53392011578 -1.60486642435 -0.00425195959301 -0.734580886932
0.310920051901 0.301861655029 -0.52357642894 0.287826780584 0.0658357845868 -0.419913523877
0.388242064737 1.91259060236 0.145334281283 0.793531769648 1.34829473671 0.0989445715754
-0.285811974538 -0.0386215404003 0.428522191099 0.213465051734 0.150634939643 0.146467271757
-0.16061540605 0.63279581841 0.847087663681 -0.172767068214 0.751359579557 0.657374822459
0.259648441775 -0.691776094165 -0.826172066459 -0.284429353768 0.09621918627 -1.05532582047
0.12498941263 0.440038766754 0.341866763499 -0.0609178708913 0.642423817714 -0.0290266467056
-0.702152978935 0.0994844737072 4.19686275554 -0.702152978935 0.0994844737072 4.19686275554
0.536652163802 0.319425336733 -0.677963508959 0.248335770675 0.345870696398 -0.627767668198
0.476522150109 0.140945117419 1.39920486429 0.29836302055 -0.0315335483228 1.69090015062
-0.167246006067 -0.43353301746 -1.79473163866 -0.167246006067 -0.43353301746 -1.79473163866
-1.27067691607 1.24294141512 -0.920159645242 -1.29959019741 0.584752216694 -0.649560720112
0.325508807309 0.00971229813427 -1.36302544858 0.832580187288 0.557322426938 -0.679772652869
-0.0952739757433 0.237969164437 -0.307656705376 -0.549188511139 -0.0228684828962 -0.220613493693
-0.0218024112437 0.195729096938 0.212484885708 0.503217925789 0.879252959929 -0.285302035468
-1.06653804785 -0.583453123261 -0.655487207614 -0.496123563735 -0.425011483357 -0.676697195589
0.869673886263 -2.85809358221 1.25950929253 0.869673886263 -2.85809358221 1.25950929253
0.367147772061 0.230599385729 -0.819534595113 -0.126765639443 0.610814891951 -0.189196769854
0.939551100133 -0.943711458814 -4.76311495845 0.939551100133 -0.943711458814 -4.76311495845
0.728556270924 -0.0208564515568 -0.523808221207 0.825105187213 -0.126672212422 -0.72091170187
2.9865255859 2.38552987181 2.07745242998 2.9865255859 2.38552987181 2.07745242998
-0.78700170286 0.346249930766 -0.845196376969 -0.40947409335 -0.139303804149 -0.217998651082
-0.427590579249 -0.162001621009 -0.868162829266 -0.970616162142 -0.221249811281 -1.04521392364
0.258162836909 0.855137035034 -0.33593069259 -0.021716134283 0.37189387326 0.426906989282
-0.573906131352 -0.689181414603 -0.818223740128 -0.0465664705616 0.290130622977 -0.658371379656
0.0318425498818 -0.192145473636 0.218735823316 -0.496102602476 -1.07152414473 0.00601786465026
0.354664382011 0.486844677329 -0.41583878812 0.114559923561 -0.00735333096066 -0.323973454863
0.54380101 1.18781105884 -1.09867039276 0.54380101 1.18781105884 -1.09867039276
0.373209847707 0.166884125663 -1.5262308022 0.892514593062 0.490965163175 -1.60590570584
0.888395274853 0.466766075659 -0.505342737532 0.287491259032 0.377262156645 -0.89031239033
-0.0483364319404 -0.482595623773 0.382403798586 -0.358156179985 -1.07557026716 0.686602483648
-0.0289937730624 -0.358305495255 0.271939958401 -0.0218024112437 0.195729096938 0.212484885708
-0.0180950206514 -0.86141160907 -0.350760985402 -1.20826361418 -0.298155549985 -0.57745326597
-0.0176600500167 -0.685130141625 -0.372336737529 0.49056959177 -0.438822326809 -0.302168068115
0.377626546154 0.917894880836 -0.665015669806 0.328880635388 0.220222372969 -0.0721785994834
0.291205187895 -0.391239510631 -0.379173986755 -0.282606395675 -0.278121608468 -0.335667342394
-1.24046083171 -0.24535793798 0.416325832006 -0.531888510879 -0.418386231357 0.441488977967
0.213864201669 -0.0861866973382 0.885142407935 0.151243376373 -0.109444673157 0.711697915544
-2.41951437815 0.746284332736 1.4281897239 -2.59160108853 0.810595151832 1.67247600628
-0.617528056417 0.0442811615669 -0.850329323138 -0.766879296085 0.277130432358 -0.880446027864
3.00176871557 -1.25819126704 0.500454264949 3.0047925685 -1.38443172116 0.916180193705
-0.720674130738 -1.00936733434 -0.214695826777 -0.760137606643 -0.607846405592 -0.0948714066818
0.434331952409 1.37084866299 2.47916806455 0.434331952409 1.37084866299 2.47916806455
-1.51566542016 1.41235530735 -0.396120844647 -1.770827417 1.50592760143 -0.503461715842
0.878975573873 -3.66150444414 -1.31667021014 1.13008976617 -4.1390532203 -0.953668368047
-0.708359461258 -0.254107581294 -0.484310102784 -0.78700170286 0.346249930766 -0.845196376969
-0.030716286772 0.693017701233 -0.597587059038 0.258162836909 0.855137035034 -0.33593069259
-0.340941073835 -0.543759680232 -0.154998621401 -0.708359461258 -0.254107581294 -0.484310102784
-0.0465664705616 0.290130622977 -0.658371379656 -0.604195376257 0.00451198802603 -0.180691030319
-0.451268654188 -0.104661451693 0.172287049852 0.0203775031992 -0.319350075432 0.233307639491
0.629591393266 0.175212902056 -1.2666126739 0.822522293989 0.752062507854 -1.37712224311
-3.92132471898 1.78692597642 -0.890917453246 -3.92132471898 1.78692597642 -0.890917453246
-0.645060020657 0.876754057647 -1.35466958417 -0.101768762242 0.738764944591 -0.625329728475
1.11424930782 -1.00134237465 -0.990316986504 0.754382465662 -0.851285359543 -1.08182375604
0.0618071519175 -0.752446970354 -4.25054133488 0.0618071519175 -0.752446970354 -4.25054133488
-3.26628884175 -1.02459486381 6.83222694866 -3.26628884175 -1.02459486381 6.83222694866
0.596613363632 -0.546789509181 -0.694655563173 0.668341662407 -0.98496691161 -0.427225709404
0.236011617796 1.43975209707 -0.894011249117 0.733384224127 1.27129097514 -0.60618638512
0.647485058426 -1.26060338797 0.435491547654 0.850667528577 -1.23757058035 -0.114271581807
-0.770511811369 0.247870896691 -0.522773013646 -0.889555124902 -0.220009808597 -1.53392011578
0.850667528577 -1.23757058035 -0.114271581807 -0.0176600500167 -0.685130141625 -0.372336737529
0.788712285573 -1.05871671658 1.03463628899 0.460871173332 -0.281275820645 0.711912651818
-0.415128006594 0.749188908499 -0.416266073407 -0.455674602507 0.36319099294 -0.411413059646
1.1141718243 0.0554938138521 -0.550781911854 1.06488768964 -0.205677809954 -0.741853687971
-1.27234127376 -0.234729012319 -0.427689684126 -0.427590579249 -0.162001621009 -0.868162829266
-0.832813845719 0.348999892064 -0.13774483515 -0.94987216245 0.770953408996 -0.538391408478
-0.220913178665 -0.454038458161 -0.22422455856 -0.352884055962 -1.55821802486 -0.28324192251
-0.339622161506 -0.0756651273747 0.168112676324 0.291439102699 0.49649065458 0.344543764493
-0.712994892767 -0.648131944253 0.190630511286 -1.2095304685 -0.830866520364 -0.220996717725
-1.20826361418 -0.298155549985 -0.57745326597 -1.06653804785 -0.583453123261 -0.655487207614
-1.98396818745 -2.9530432041 -4.40071837717 -1.98396818745 -2.9530432041 -4.40071837717
0.737369403652 -0.54575656998 -1.22682383951 0.342439184162 -0.496245743314 -0.496587906464
0.218848236626 -1.07604014087 0.974849972745 -0.189200152446 -0.0230607712274 0.949026300716
0.668341662407 -0.98496691161 -0.427225709404 0.0853853321116 -1.58336174825 -0.388743927054
-0.0893291856188 -1.33298868347 3.56561428396 -0.0893291856188 -1.33298868347 3.56561428396
0.492342581843 1.29904053987 0.139979100213 0.492342581843 1.29904053987 0.139979100213
-0.225580199022 -0.164484131561 -0.573870950428 -0.223801353199 0.0980935617089 -0.899114485329
-2.16527068305 1.34314807237 -2.6867787297 -2.16527068305 1.34314807237 -2.6867787297
-3.46310024788 0.616288950275 2.66127986826 -3.46310024788 0.616288950275 2.66127986826
0.151002375069 -0.181438479787 -0.280378843721 0.0318425498818 -0.192145473636 0.218735823316
-0.00434124237034 0.396019973868 0.109181799244 -0.285811974538 -0.0386215404003 0.428522191099
-0.556694604227 1.45972946714 -0.0858224845819 -0.954377281297 1.0281874146 -0.153883524042
-1.22527573032 -0.336663997066 2.67754215265 -1.22527573032 -0.336663997066 2.67754215265
-1.98716988638 0.651692901295 -2.21823637221 -1.71476376937 0.153283787773 -1.76442423046
-0.094901093459 -0.341211304933 0.436181981192 -0.248643160396 0.16486269727 -0.10945228672
-0.0779970778848 -1.04740904133 0.209346571053 0.0586364643219 -0.823568330025 0.353475005779
0.688508470338 0.570188629691 0.388389888388 0.326001036647 0.268357931685 -0.0740150108334
-0.281453762403 0.816683821795 -0.519440772123 0.704473666299 1.19363727753 -0.226000266434
2.5775018195 0.223243048711 -1.41044139751 2.5775018195 0.223243048711 -1.41044139751
-0.703714337987 0.814074487865 -0.14594961883 -0.237910094707 0.876098130859 -0.521268731881
-0.291346168301 0.100437521049 -0.818485866121 -0.120318362652 0.487435095802 -1.16098936452
-0.916488340396 -1.39200198949 2.26275273094 -0.916488340396 -1.39200198949 2.26275273094
1.13008976617 -4.1390532203 -0.953668368047 0.878975573873 -3.66150444414 -1.31667021014
0.354976705697 -0.617183780675 -0.477686704897 -0.0180950206514 -0.86141160907 -0.350760985402
-0.924004625623 0.126281485156 -0.605797328264 -0.451665358846 -0.125955969131 -0.638943231464
-0.264988801523 -0.427452082214 0.603490790458 0.788712285573 -1.05871671658 1.03463628899
-1.37107741354 1.35837148159 0.638410839271 -1.03831557777 1.35628408767 0.0503110993939
-0.564433268669 -0.308625385422 -0.752845090844 -0.603549407915 0.591290826999 -0.312725009682
2.71154831121 -3.30747809052 -0.0365174856739 2.71154831121 -3.30747809052 -0.0365174856739
0.200811851533 -0.569781915299 -0.626333179304 0.111329449519 0.00933969418332 -1.38915908964
0.850199861675 -0.518961869667 -1.08326470013 0.372055926825 -0.443622310797 -1.55852114987
2.11468261951 -1.50090832169 -2.94657813671 2.11468261951 -1.50090832169 -2.94657813671
-3.42716531985 4.27975053172 0.040008305299 -3.42716531985 4.27975053172 0.040008305299
-2.59160108853 0.810595151832 1.67247600628 -2.46262357013 0.777271443823 1.21029158758
-0.970616162142 -0.221249811281 -1.04521392364 -0.353962775481 0.0179869780264 -0.99381753392
0.327255518817 -0.343767498548 -0.864901399581 0.603976985558 -1.26032478809 -0.69782799412
-0.954377281297 1.0281874146 -0.153883524042 -0.832813845719 0.348999892064 -0.13774483515
-0.359466723737 0.442641513637 -0.480790898516 -0.539908148724 1.00421291107 -0.366710608298
-0.35431483045 0.928688665929 0.307904915536 -0.703714337987 0.814074487865 -0.14594961883
-1.95165481062 -0.340187452502 1.56945013265 -2.10443511196 -0.223749013367 1.93463252965
-1.60486642435 -0.00425195959301 -0.734580886932 -1.99271564927 -0.0373679359304 -0.721654009411
1.13566235864 -4.66311558059 0.0843489932052 1.13566235864 -4.66311558059 0.0843489932052
-1.18701851625 0.67712476908 0.276335247523 -0.928478273959 0.291679149117 0.0945510998611
-0.140120144871 -0.290353720931 0.674541926911 -0.720395781419 0.328841605063 -0.198577484201
0.648012745295 -0.0832344844964 -0.0168332179547 0.213864201669 -0.0861866973382 0.885142407935
-0.964254187749 1.45190692141 1.67235352459 -0.964254187749 1.45190692141 1.67235352459
1.08392129195 0.619411854612 0.00401441298959 0.197453015946 0.600664719269 -0.419969051082
-1.20554652605 -0.683799718432 -2.20130468819 -1.20554652605 -0.683799718432 -2.20130468819
-0.496123563735 -0.425011483357 -0.676697195589 -0.0263998344597 -0.0900791642526 -0.565837391576
-0.946654344959 0.121204263737 -0.828192913362 -1.35411842114 -0.201224341621 -0.392621238537
-0.964463661478 1.11950542937 0.893121249959 -1.37107741354 1.35837148159 0.638410839271
-0.264746919964 0.0743068218024 -0.494931797914 0.804787719465 -0.309355358217 -0.641542272162
4.7474726133 -0.248431723665 -2.08157511057 4.7474726133 -0.248431723665 -2.08157511057
2.00445869987 -1.18568343482 -0.685241302477 2.00445869987 -1.18568343482 -0.685241302477
0.791853191004 0.0771320267548 0.92565442279 0.309789921361 -0.390319567576 0.887372658259
0.537064124428 0.407342720724 -0.40131272607 0.629591393266 0.175212902056 -1.2666126739
-0.179895367618 0.758780309686 0.269430095026 -0.359466723737 0.442641513637 -0.480790898516
0.49386305568 1.31818907056 -1.24212556686 0.236011617796 1.43975209707 -0.894011249117
0.625121496048 1.56537695444 0.289405056751 0.0680920066016 1.30986684314 0.155512920634
-0.434346808618 -0.208600443225 -0.733874771085 0.180852382767 -0.698413520637 -0.692961579854
-0.921784897406 0.792161528126 -1.64343603459 -1.12889587546 -0.155623939182 -1.84703930579
-0.382163111836 0.894823474244 -1.82138438796 -0.382163111836 0.894823474244 -1.82138438796
1.12226270343 2.40258356949 2.15310142926 1.12226270343 2.40258356949 2.15310142926
0.804787719465 -0.309355358217 -0.641542272162 0.666154034025 0.0899542370876 -0.962377198355
0.287491259032 0.377262156645 -0.89031239033 0.373209847707 0.166884125663 -1.5262308022
